333332222233333111101111111111101111111111111111011111111111111111111111111111101101111111111111111111011111111111111111111111111111111111010111110111111111011111111111111111011111111111011111111111111111011111111111111111111111111111111111111111001011111111111111111111111110111011111111111110110111
333332222233333111111110111111111110110110111111111011111111011111111111110111111111111111111111111111111100111111111101111101111101111111011111111011011111111111111111111111111111111111111011111111011101101111111111111111111111110111111101111111111011111111111111111111001111111111111111111111111111
333332222233333111111101111111111111111111111011111111010111110111111111011110111110111111101111111110111111111111111111111011111111111110111111111111011111111111110111111111110111111101111111111111111111101111111111110111111111110111111111111111111111111111101110111111111111100111111111111111111111
333332222233333111111111111111100101111101111111111111011111111111111111111111011111110111101111111111111111100101111011011101111111110111111101101111111111111111011111111111111111111111001101101111111111111011111111111111111111111111111111111111011111111111111111111111111111111011111101111111111111
222222222233333111110111110111111111111111110111111111111111111111111111111111100111111111001100101111111111111111111111111111111111111111111011010111011111111111111111111011111111111110111111011110011111110101111011111111111111111101000111111110111111110111011110111111111111111111111101111111111111
222222222233333111111101111111111111111110111101111011111101111111110111001111111111111111111111111111101100111111111111111111111111111111111110111111101111011111101011111011111110011110111111111111111111111111111111111111011110101111111101111101111111111110110111111111111110111111111111111111101111
222222222233333010111111111111111111011111011111111111111101111111111011111111111111111111111111111111111101111111111111111111111111101011111111100111111111111111111111111111111111011111111111111111110111111011111011111111101111111111101110111011111011111010111111111111111011101111110111111111111111
222222222222222111111111111011011111111111111111111011111111111111111111111101110111111101011111011111111110101111111110111111111111111111111111011111111111110111111111111100111111111101110111111111111100111111111111111110111111111111111001101110111111111111111111111111111111011111111101111111101111
222222222222222111111111011111011111111111101111111111111011111011111011111111111111111111111111110111011111111111111111111111101111110111111111011111111111111111110111111111111111110111111111111111111111111101111111111111111111111111111111111111101111111111111111111111111111111111111111100110111111
222222222233333111111110110111110111111011111111111111111111111111001111011111111111111111101111111111111111111101111111111111011111111111111111111101011111111111011111111101111111111111111111111111111111111111111110110111101110111111110111111111111110111111111101111111111111011111101111111111111111
222222222233333011111011111111111101111111101111101111111011111111111111111111101111011101111111110111111011111111111111111111101111111101111111111111110111111101111111111111111111111111110111111111111111111111111111001111111111111111111111011111111011110111111011101111011001111101110111101101111111
333333332233333111111111111110111111110111111111111111110101111101111111111111110111111111101111111111111111111111111111111111111101111111111111011111111111111111111111111111111111011111111101111111111111111110111110111111101101001111101111111111111011111111111111111111111110011111111111111111111101
333333332233333111111111110111111111111111111111111101011111111111111101110111110111111101111111111111110111110111111011111111111111111111111111111111110111111011111111111111111111111011111111110111111011111111111111110111111111111111111101110111111111111111111111111111011011111111111111111111111111
333333332233333101101111111110111111111111111111111111111111111111111101111110111111111111111111110111111101111111111111111111111111110111111111111101110111111111111110111111111111111011111111111011011110111111111111101111101111111111111001111111111111111111111110111111111101111111111110111111111111
333333332233333111011111111111101111111111111111111111111111111111111111111111110111110111111111111101101111111111111111111111101111111111111110111111111111111111110111111111111111111111111111111111111011111111111101111111111111111011111111111101111011011011111111101111110111011101111111110111111111
110111111111011011111111111111111111111111111111111111011011001011111111111111111111111111111111111111111111111111011111111111111111111111111111101111111111111111111111111111111111011111011111111111111101111111111111111111101111110111011111111010011111111111011111011111011111111111111111111111111011
111110111111111111111111110111111111111111111011111111111111111111111111101111111111111111111111111111111111111101111111111101111110111111111111111111101111111110100111111111111111101111111110111111111111111111111011111111111111111011111111101111111011111111111111110101101110111111110111111111111111
111111101111111111111111111111111111111111111111111111101111111111111111101111011111111111111111111111111011111111111111111111101111111111101111111111011111111011011011001101111111111011110101110111111111111111111111111111111111111111011111111111111111111111011110111111111111011111110111111111011111
110101110110111111011101110111111111111011010111111111111111111111111111111111111111111111101111101111111111111111000111111111110111101111111011111111111111111111011111111111111111110111111111111111000111100111111111111111111111111111111111111111111111111111011110111011111111111111111101100110111111
111111110111110101111111111111101110111011110110111111110101111111111111111111111110111111111011111111111011111111111111111111111101111011111111111111011111111111111111111111111110111111111111111111111111010101111111101111101111111111111101110111111111110111111111111111111011101111111011111111111111
011111011111111101111111111111110111101111110111111011111111111111111110110110111111111010111111111111111111111111101111111111111111111111011111110011101111101111011101111111111111110111110111111111111111111111111111111111110111110111111111101111111111111111111111011111111111001111111111111111001111
111111111111111111111110111111111111111011111111111111111111111111100111111111111110011111111011111111011101111111111111111111110111110111101111111101111111111111111101111111111110111111001111111110111111111111111110110101111110111111011111111111011110011111111111111111111111111011010111101111111111
111111111111011111111111111111111011111111111111101111101111111111111111111111111111111111011111111111111111111111111111111111111111111111111111111111111111111111111111011111111111111111010011111111011111101111111111111111110111111111111110111111111100111010111111101111110111110101110111110111111111
111111111101111111111111111110111111111111111111111111101011111111101111111110110111101111111111011111111111111111110111111111110101111111111111001111111111011111111111111101111111001111111111111111011110111110111111101111011011111111111111110111111111101111111111111111111111111111111011111111111111
111111111111111111111111001101111111110111111101101111111111011101111111111100111111011111110111011110111111100001011011111111111111111110111111111111111111111111111111111111111111111111111111111111111001111111111111111111111111101111111111111011101011111101111101111111111101111111111111111111111111
111111111111101111011111101100011111111111111111111111101111011111111011111011111111111110111111111110111111111101111111111111111111111111110111111111111111110111111111111111111011111111111111101111111111111011111111111111101111110111111111111111101111111111111111111111101110111111011111111110111111
111111111110111110111111111100111111111101111111111111111111111011111111111111111011111111101111111111110111101111111111111111111111111111111111111110111011111111111111111110111111111111111111111111111111111111111111111010111111111111111111111111111111111111111110111111111111111111111011110111111111
110101111111111111111110111111111101111111111111111111111111011111101111110111011111011111010111111111011111101111111110101011111111111111111111111111110111111111111111110111011111111111110111111111011110111111111111111111111111111101101011111101111111111101011111111111111111111111111110110111111111
111011111111111111001101111111111111101101011111111111111111101111111111111111111111111110111111101111101111111111111111111001111111111111011111111111110110111111111100111111111111111111111111111111111111111111111011111110010111111111111111111111111111110111111111111111111111111111011111111111011111
111111111111011110111111011000111111111111111111111111111111101111111111111111101111110111111111111111111111111111111111001111111111111111111111101111011111111111110111110101111101111010111111111110111111011011111011111111111111111111111101111111111111111111111111110111111111111111111110111111111011
111111111111110111111111111111111111111111111111111111011111101111100111111111111111111111111111111111111111111111111111110110111111111111111111110111111101111111101111111101111111111111111111111111111111111111111111111101101111111010111111111111111100011011011111111111111111111111111111111111111011
101111111111111011111011111111111111110101111111101111111011111110111111111111111101111111111110111111101111111111011111111111111111111111011011110110111111111111111111111111111111111111111111111111111101111111111111111011101111111111111111111111111111111111111111011111011111110111111101111101111111
110111110111111111111111111111111111111011111101011111011111111111010111111111111111111111110111111111111101101111111111111101101111100111111111111111111111111101111110111111111110111011101111111111111111111011111111111010011111011111111111111111111101110111111111111110111111100111110111111111011111
111111001111111111101111101111111111111111111111101111111011111111111111111110111111111111011111111111011111111111111111010111111111111111111111111111111111010110010011111111111101111111111110111001111111111111111111011111111111111111111111111111111111011101111111111111111111011011111111111111101110
111110111111111111111111011111111011111111111111111111111111111111111111111111111111111111111011111111110111100111110111101111111111110111111111111111111101101111111101111111011111111111111111111011111111111111111111111111111101101010111111001111101111111111111111111001111011011111111111110111111011
111111011111111101111111110011101111111111111111111111111110111111111101111111111011111111111111111111110111111011111111101111111111111111101111111111111000111111111111111111111111111011111110111011111111111111100011111111111101110110111111011111101111111111111110111110111111111111111111111111101110
111111111111111101110011111110111111111111111111111011111101111111111111111111111111111111111110111101011111011111111011111111111111111011111111111111111111011110111101111110111111111111111110101111111111111111011111110111111111111110111111111101111110111111011111111111101011101011111100111111111111
111111111111110111011111111111111111011111110111111111111011011111011011011101111111111111111111111110111111111001110110011111101111111111111111111111111111111111111110111111111111111110111110101110111011101111111111111110111111111110111111111111111111111101111111111111111111110111111110111111111011
111111111111111111111111101111111111111111011111100110111111111111101101111111101111111111111111111111101111111111111101110111111111111111111111011111111110101111111111010111111111110111111111111110111111111111111111111101111111111110111111111101011111111111110111111111111111111101111111111111111110
101111011101111111111111101111101101111110111111101111111110111111111110111111100010111001111101111011111111111111111111101111111111111111111111011001101111111111101111110111110111110111011111111011111111110111111111111111111111011111111111111111111111111111111111111111101111111111111111111111111011
101111111111111111110110111111111111111011111111111111111111111111111111111111101111111111111011011111011010111110111111111101111111111111111101111111111111010011111101110111111111111111111111111110111111111111111111111111111111101111111111111101111011111111111111101110111111111111111111111111101101
111010111111111111111111111111111111111101111011111011101111011111101011111111111111111011111111111111111111111111110111111111011111111110111111111111111111111110111111011101111111111110111111110111111110111111111111111111111011111111100111111111111111111011111111111111101110111111111111111111111101
111111111111111111111111111111111111111111111111111111011111111111111111110111011011111101110111111111111111111111101111111111111111011111111111101111111101111111111111011011111111111111111110110111111011111111101111110111111011111111111111111010111111111111110111111111110110111111101111111111111111
111111111111111011111111111111110011111111111111111011111111111111110111111010110111011111110111111111111111111111110111111111111111111111110011110111111111111111111111111111111101100111110111001111111111110111111111111111111111111110111111111111011111111111111101111111111111111111111111111111111111
111111111110111111011100111111110111011011111111111111111111111111111111111111101111111111110011111111111111011111110111111011111011111111111111110111111111111111110111111110111111111111111111111111111111111111111111111111111110011111111111011011101011111111111111111111111111111111111111111111111111
110011011111110111111111101111111111111111111111110111011111111011111111111010111111111101111111111111111111111111111111111111011101111111111111011111110111111010011111111111111111110111111110101111111111111011011101111111111001111111101111111111111011111111111111110111111111011111111011111111111111
010111110111111001111111111111111011111111111111111111111111110111101110111011111111111111010111101111111111111111111111111111111110111111111111010111111111110011111101101111110111111111111111111111111111111101111111110110111111111101110111100111111111110111111111111111111111111111111111111111111111
110101111011111111101011111111111111101111101110111111111111111111111111111111111111110010111111011111110011110011111111111111111011111111111111111111011111111111111101111111111110111111111111111111111111110111100011111111111111011111111111101110111111011111111111011111111101111111101111111110111011
111111111111111111111111111110111110111101111111111011111101111011111111111110111111111111110110111110111111111111101111111011111111111111111111111111111111111111111011011110111111111111111111111111111111111001111111110111111111111111111101111111111111111111111111111111111111111111111111111111010111
011101111111111111111111111111111111111111111011110110111111111111111111111111101111111111011111111111111111110111111111011111110111111011111110111111111101101111111111111011111111111111111111111111111111111101101110111111111110111010111101111111011111111110110011101111111111111111111111111111111101
111111111101111111110111111110111111111111111111101111011111111110101111111111111101101111111111111111111111110111111111111111110101111111011111111111111111110111111111111111111111111011111111111111111001010101111111111001111111111111110111111010111111111011110111111111111111111110111111110111111101
111111101111111011111111111111101011101111111111111111111111111111111111111111111110111111111011111111101110111110111111011111111111111111011111111111111111011111111111111111111111111111101111111111111101101111111011111111011111101111111111111111111111111111111110111101110111111111111111111111011111
111111111111111111111111111111111111111111111011111111111001111111110111111101111111111111111111111111011111111111101111111111111111101101111101100111111111111111111111111111111111111111111111111011111110111111011111111110111111111110111101111111111111110111111111111111011111110111111111111111011111
111011111111111111111001111111111111111111111111111111111110111111111111111111111111111111101110111111111111001111111111111111111111111011111110111111011110110111110101111111111111111111101111011111111111111111110111111111111111111111111111111111110110011111111011111111110111111111111111111111111111
101111101111111111111111111111010111111110111111111101101111111111111111101111111111011101111111111111111111111101111111111111111101010111101111101111111111111111111111011111111111111011111111011111110111111101111111110111111111111101111101111111111111111111111110111101111111111111111111110111110111
101111111111111111111111111101111111111110111001101101111101111111111111111101110111111111111111111111111011110101111111111111110101111101111111111011111111101011111111111111111111111011111111111101101111111111110111111111111011111111110111111111111111111111111111111101110111111111101111110111111110
011111111111101111111111111111111101111101111111111010111111101110111111110111101111110111111111111111100111111111111111111111111111111111011111101111111111111111101111111111101101111111111101111101111111111111111111110111011111111011011110111111111111111111101111111111111111111111111111111101111111
111110001011111011111111111111110111111110011111111111111111011111111111111111111111011111101101111011111111111111111110111111110100011111111011111101111110101111110011111101111111111111111111111111111111111111111111101111111111110111111101111111111111111110111111110111101011110101110101110011111111
111111010011111111111111111111111111111111111111111111111110110101111111100111110111111111111011111111111111101111111111111111111111111111111111101111111111111111111111111111111111111111111111011111111111111011110110111111111111111111111011111111111101111111111111111111110101101111111111101111111110
111111111101101111111111111001101111111111111111111110111111111011111111111111110101111111111111111111011111111111111111111111111111111101111111111101111111111111111111011111111110111111011111111101111111111111010101110111101111111011101111111101111111111110111111111111111111101111011111111111011110
111111111111111111111111011100111111101111111111111011111101111111111011111011111111111111111111111110111111111111111111111111111011111111101111111111111111011111111011110111111111011011111111111110111111011010111111101101111111001111111111111111111111111111101111111101011111110111111111111111111111
111111110111111111111111111111011110101111111110111110111111111111111010111110111011111011111110101111111111111111100111111111101111111111011111001111111111001111101111111111111011111011111011111111111111111111111111111111111111011111011111110111111111111111111110111110111111111111111111111011111111
011111111111111111111111111111111111111111111111111011111011111111111011001111111111111111111001111111101111111101110110111111110111011101111111111111101011111101111111110111111111111101111111111111011111110111111111111111111111111111101101111111111111110111101111111111101111111101111110111111111110
011111111101111101111111111111111111111011110111111110111111111111101111011111111110111111111111110011111011111111111111101100111111110111011111111111111110111111111011111110101110111111111111111111111111101011111111111110011111111110111111111111110111111111011111011111111101111100111111110011110111
111111011111111110101111111011111010011111111111111111111111111111111111111111111111111010110111111111111111101101111111111111111111111111111111111111111111111111101110110011111111111111110111111011111111111111111111111111111111011100111111110111111111110111111101111111111111111111111111101101110111
111111111111100011010101111111010011111101111111011111111111111111101111110111100111111111111111111111111011111111011111111111111111101111111111111111111111111111111111111111101111111111111111110111111111101111111111111111111111111110111111101111101111111111111111110111111111110111111111111111111111
110111111111111111111110110111111111111111111011110111101111111011111111111011011111111111001111111111111110111111111101111111111011111101111111111010110110111111111111011111111111011111011111111111111111111111011110111110111111111011111111111111111101111111111101110111111111111111111101111111111111
111111111111011111111110111111111111111111110011111110111111111011011111111111111111111111111111101011111101111111111110111111111101111111111111101011111111111111111111111111110111111111111111100001110011011111111011111111111111110111111101111111001111111111111111111111111111101111111111111111111111
101111111101111111111111111101101111101111111111111101111101111111111111111111111111001111111111101111111101111111101111111011111111011111111111111101110111111111111011111111011011011111111111110111111111111111111101110111101011111011111111111111011111111111110111111111111111011111111011001111010111
111011111111111010111111111111111111101111011111111111111111111111111111111111101111111111111111111111011101111111111111111111111111111111111111111111111111111011101111101111111111111111111111101111110111011111111111111111110101111111011111111111111101111111011111111101011111111111111111111111111111
111110111111111011111011111111111111011111111010011111111111111111111111011111111011100111111111111111111100111111111111111110110101111111111110111001111111111111111111111111111111111111101111111111111111110011111101111111111111111111111101100110111111111101111111111111111111111110111111111111011110
111111111111111111111111111111111111111011111110001111111111111111111011110111111111111111101110010111011111111110111111111111101111111111111110111010111011111111111111111111111111111111111111111101101101111111111111011111111111111111111111111011111011111111111011111111111111111101111110111111111111
111111111111011110011111111111111111111101111111111110101011111111111111111101111111111111111111111110101111011110110111111111111101111111111111111111111111111111111111111111111111111111111111011110111111111111111111111111001111111111110111101110001111111110111111101101111111101111111111111111111111
111111111110111111111101110101111111110111111111111111111111111111111111110111101110011111011111111111110111101101111111111011101111111101110111111101100101111111111111111111111110111111111111111111111111110111111011111111111111111111111111111111111111111111111111110111111111111111111101101111111101
111111011111111111110111111111111111110111011101111111011111011110111111111111111111111111111111111011111111101111111111111111111111111111111111111111111111111111111111111111111111110111111111111111101111111110111111100011111101111111111111100100011111111111111010111111111111111111111011111011111111
111111110111111111101101111111111101111111111100111111111111110111111111111111111111111011111111110110111111111111111111111111011111111101111111111111101111111101111101111111111111111110111111111110111101111111011111111111111111110111111101111111111111011111111111011111111111111111111111101101111111
111111111111101111111111110111111111111111111111101111111011101111110111111110101111111101111100111111111111111111111111111111111111111101111111101111111111111001111111111111111111110111111101011111011111101111111111111111111111111111111111111111111111110111111111101111011111111111111111111111111111
111111111111111111111111011111111111111111111101111111111111111111111111111111111111111111101111111110111101111111111111111111111111111111111011111111110111110111111111111111111011111111111111111111111111011011111111111010111111111111111111111111111110111111111011111111011111011111111110011111111111
111110111111111111111111111110111111111111111111111111111111111111111111011111111111101101111111111111111110111111111111111111111111111111111101111011110111111111111111111111111111111111111111111111111111111111110111111111111111111111101001111111111011110111111111111111111101111111111111110111111111
101111111110111101110111111111111111111111101111111111111101011111111111111001111111111111111011111111011111111110111111111111111111111111111011110111111110011011110101111111111101111111101111111111111110111111111111011110111111111110101111110111111010110111111111111111111111111110111111111011111111
111111111111111111011111111011111111111111111111111111111111111111111111111110001001111101111111111111111111111111111111111111101010111111111111111111111111011111111111001111011111111110111111011111111111111111111101111111111110101111101110111111011111110111111111111110101110111111111101111111111111
011111110011111111101111111101111111110111111111111011111101111111111111111101101111101111111111011111111111111011111111111111110111111111111111111111111111111111111111111111101110011111111111111111111011111110111111111111110111011111111111111011111111111111101101111111111111111011111101111111111111
111011111111111111111111111111111111111101111111111111111011111011111111111111110111111111111111111111111101111111111011011111101111101111010111101111111111111111111111111111011111111111011111011111111111111111111111111111111010111101111111010111111111111111111001111111111111101111111111111011111111
011011101111110111111011110111111111111001011111111111111111111111111111100111111111111111111111111111111111111111111111111111111111111101111101111111111111111111111111110111010110111110111110111111111111111111111101111011111111111111111111111111111111111111111111111111111111111111110111111111011111
101111011001111011111111111101011111111111111011101111101110111110101111111111111111111111111111111101111111111111110111111111111111111111111111111111011111111111111111111111111111110101111111111111111111111111110110111111111111111101111111111111111111111101111111111111111011101111101111101110111111
111111101010111111011111111011111111111110111111111111111110111110111111111111111111101111111111011111111010011111110111011111111111111110111111111110111111111101111010111101111111001111111111111111001111111111111111111111111111111111111111111111111111110111111111111111111111111111110111111111111010
111111100111011111011110011111111111111111111111111111111111111011111111111110011110011111111111111111111111111111111111111111111111110111111111111110111011101111111111111111111011111111111111111111111111111111111111111111111110111111101111111110111111111010111111111111101111101111111111111111111111
010111111111111100100110110101111111111111111111111010111111111101101111111111111111101101111101111111111111111111011111010111011010111011111111111101011111110111111111111111101111111111111110111101111101110111111111111111111111111111111111111111111111111111111111101010111111010111111100111011001111
011111101111011111111111100111101111111111111111111101111111111111111111111111111111110111111111111111101111111101111111111111111001110101111011011110111011111100111111111111101111111111101111111111111111111011111111111111111111011111111111111111111011111111111111011011111111111001111111111111111101
111111111111111111101110111111111111111111011101111111111011111111110101101110111011101101111111011010111111111110111111111110111111110101111111111111110010111111111111111111111111111111111011111111111011111111111010011111101111111111111011111111110111111111111111101001100111111111011111111111111111
111111011111011110111111111111111111111111110011111001111110110111111111111111111111101111111111111110111111111111111111111111111111111111111111111111111111111111111111110101111111111101111011111111111111111111111111101111111111111111111111111111111111111111111111111111111111111111111111110111111111
111111110011111111111111111111111011111111111111111111101110111111111011111111111111111011111111111111111111111111111111111111111000111110111111111111110111111111111111111111111111010110111011111111110011111111111111111111111111111111111111111101111110111111111111111111111111111001111111111111101111
010111111111111111111110111111111111111111111101111111111111111111111111111110111111011010111111011111110011111110111111111111111010111101011111011111111111111111110111111111101111111111111111111011111111101111111111111111111111111111111111011111111110111011110111111111110111111110110011111111111111
111110111101011111111111111110111111011111111111011101111111111110111111100111111011111111111111111111111111111111111011111111111111111111111111101111111111111111111111111111111111111011111111111111111111101111111111111111101111111111111111111111111110111111010111101111111011111111110111101111111111
110110111111111111101101111111111111111111111111111111111011111111111111111111110110101111111111100111111101111111111111110101111111111111111111111111101111111111111111111011110111110101101001111111111011101111111111111111111111011011111111111111111111011111111111111111011111111111101011111011111101
111111111011110111111111111111111001111111111111111111111111100111111111110111111111111111110011101011111111111101111111111111110111111111111111111111111011111101011110111111111101111110101111111111111111110111111111111111111101101111010101111111100110110111111111111110111111110111111111111111111111
110011011111111111111111101111011111110111111111111111111111111111111111110111111111111111011111111111111110111111111111100111001111110111111111111111111111111111110111111111101101111111111101110010111111111111011110101111111101111111011111110100111111111010111111011110011111111111111111111111111011
101111111110111111111011111011101111111111111111111111111110111111111111111111100111111111110111111111111111111111101111111111111111111101111111011111111101111111011111101011111111111111101111001111111111111111110111111111111111110111111111111111111111111101111111111111111111111111111111110100111010
101111011111111111111111011111111111111111111101101101110111111111111110111111111111111111001111110111110110111111101111111111111001111011111111111111011111111111111111110111111111111111111101110111111111111111100111111111111111111111111110110111111101111111111111111111111111111110111110111111011111
111011111110101111111111111111111111111111101101111111111111110110111111111111111111111111111110111111111111111101101111111111111111111110111111011111111111111111111111111001111111101111111111111111101111111111111011110111011111111111111111111011111111111111111111101111111111111111111111111111111111
111111111111111111011111111110111111011101111111111111111111111111001111011111111101111111111111111111111110111111111111111101111111110111111111111111111111111111111111111111111111111111111111011111111111111111111111111111111111111111011111111101111111110111111111111111111101111111111111111101111111
111111111111111111111111011111111111011111110111111111111111101111011111111111111111111101111110111110111111111111111101010111111110111111111111111111111111111111111111111111011111111111111111011101111111111110111111111111110111101111111110011101111111111110111111110111111111111111111111111111111011
011110111111110001111111101111111111110111111111111111111111110111111011111111111111111111111111111111101111111111111111111101111111111111111111111111110110111111111111011111111111111011111111111111111111110101111111111101101111111110111111111111101111011111001111111111111111101111011111111111111110
011111111111111111111101101101111101111011111110111011111110111111110111111111111111111011101111111110101111011111110111111011111111111101111111111111111111111111111111100111011111101111111111111111111111011110111010111111111111001111100111111011111011101111111111111111111111111110110111101111111111
111111111111111011101111110111111111011110110111101111101111111101111111110111101111101111111011111001011110101111111111111111111111011110110110111110011011101011111111011111111100111111111111111111111111111101111111110011111111111111011111111101111111111111111110111111011111111011111111111111111111
111111111111111111111111111111110111101111111011111111111111101010111111111111011111001111110011111101111011111110111111111111111111111111111111111111001101111111111111111111111111111111111111110111110111111010111110100111111111110111100111111110111111111011111111111111111101111111111111111111111111
111111111111111111111111101110111111111111101111111110111111111111111111111111111111110111111101101111110111111111111111111011110101111111111111111111111110111011111111110111111111101011111111111111111111111111111011111111111111111110110101111111111101111111110111111111111110100111111111101110111111
111111011111110111111111111111111111111111111111111111111101001111111111111111111111111111110111111111111110010111111111111011111011111111101110111111111111111101101111111101111111111111111111111111011111011111111111111110111011111001011111111111101100111111101111111111111001111111111111111111111111
110111111111111111011111111111111111111111110111111111110111011111111111111010111111111111111111111111111111111111111110111111111111111100111111111111111111111111111111111111111110111111111111111110110111111111111111111001011111111111111111111011111111011111111111110110111110111011111110101111111111
111111111111111111111111011111010110111111011101111111111111111111111111111110111001111111111111110101111101110111011111101111111111111111111111111111111111111111101111111111111111111111111111111111111111110111011111111011101111101011111111111111111111111111111110111111111111111111111111111111101111
101101010111110101111011101111111111111111110111111111111111111111111111111111111111111111111110101111111111110111011111110111111111111101111111111111111111111111111011111111111111111111111111111101111111111111110111111111111111111111111111111101111111010111011101111111111111111111111100111111111111
111111111111111111111111111111111111111111111111101101011111111111110111111111110111111111111011111111111111111111111111111111111111110111111111110111110111110111101111110111111111111111111001101111111111111111101011111111101111111111111111111111111111011111101111011111111111111111101111111111111111
011101111111011111111111111111111111110111111011111111110111111011111101111111101011111111111111111111111110111111111111110111111111011111111111101101111111111111111011111110111011111011111111111111111111011111111111111111111111111111111111111111101101011111100111011111111111111111111110111011110111
111111101111111111101111111111111111011110111111001111111111111111111111111001110111111111111111101111111011111111111111111111001111111111010110111111111110111111111111111011111010111110111111111111111111111111011111111111011101111101011101011111111111111111111101110111111111111111111111111111101111
111111111111111111101111111111110111011101111111111111111111110111111111111111111111111111111111111111111111111111111111101111111111111101111111111111110111101110110110111111111111111111110111111111111101111010111111111001110111101111111111111111111111111111111111111111111101111111011111111111111111
111011111111111111110101111111111111111111011011111111111011111111111111111011011111111111011111101110111011111110110111101111111111111101111111111111111111111101111111111111111011111111111111011111111111111111111110111011110110110111110111111101111111011111111111111110111101111011111111111111111111
111111111111111111111111011111111111110011111111111111111111111111011111111011101110111111110111101111111111111111110111111110111011111111111111111111110111111101111111101111111111111111011111111111101110011111111111111111110101110111111111111110111111011111111111111111101111110011111111111111111001
111111111111110111111111011110101111111101110111111010111111110010111111111111111111101111111111111111111011111101111101111111111101111111101101111110111111111111111111101111101111111111111111110111111101011111111111111011111110111111111101111111111111111001101111111111111111111111011010111110111111
111110101111110111111111100111111011111111111111101111111111111111101101111111111111111111111111111110111111111111111101111111011011111110111111101111111110110111011101111111111111111111111111111110010111111111111111111100111110011111111111110111111111011101111111111111101111111111111110101111111111
011111111111111111111111111111101111111111111111110111111111111111111111111110111111111111111101111111111011111111111111111111111111111110111111011111111111111111110111111111111011011111111111111111110111111111111111111111111111111111110111111110111101111111111111111110101111111111111111111110111111
111111111001111111111111111111111111111011111111111110011111111111111101111111111111111011111011111111111111111111111111111111111111111001111111110111011111011111111101111111111111111101101111111111110111111111111111111111111111111011111111111111110111111111101111111111111111101111111101111111011111
111111101111111111111111101111111101111111111110111111111011110111110111111110011011111111111111111111101110111111111111111111111111111101111011111111110111111111111011111101111111111111111111111111111111111111101111110110111011111111111111111110111111110111111111111111111110111111111101011111110011
111111111111111111111101011111011111111111111111111111110111110111111111111101111011111011111111111111111111101111111111111011101111111011111111111111111111111111111101111111111110111111111110111111111111101101111111111111011111111111011111111111101101111101111111111111111111111111110111111111111111
111111111111111110111110111111111001111111111111111111111111111111011111111111111111110110111111111111111111101111011111111111111101110010111111111111110111111111101110111011111111111111111111111111111111110111111110111111111111111011111111101101111111111111111111111111111110110110111111111111111011
011111111111111101111110110110111011101111111111111011111111111111111111110111111111111111111111101111111011111111111111111111011111111111111110111111011111110111111111111111111111111101111111111111111111111111111111111111111111101111111111111111001111111111111111111011111111111111011011111111111101
111110011111101111111111111111111110111111111111111111111111111111101111111101111111111111111111111111111011111111101111111111101110111111111011111111111111110111011111011111110011111011111110111011111111111111111111111111111111111101111111111111011111111111101110111111101010111111101111111111111011
110111111111111111111111111111111101111110011111111111111111111111111111011111111111010110111101011111111111111111101111111111110111111111111011111111111111111111111010111101010111111111111111111111111111111011110111111111101011111111111111011111111111111101111111111111111111100111111110111111111111
111111111101111111111110111111110111111101111111111111111111011111111111111011111111101111011111111110110111111110111111101110110111101101111111111011110111111111101011111111111011111101111111110111110011111111111111111111111111101111111011111111011011110101111111101111111111110111111010111111110111
101110110111111111101111011111111111111111111111011100111101011111011111100111111111111111111111111111110111101011111011101011111111111101111111101111111111111011111111111011110111111111111111111111111110111111111111111111111111111110111111111110111101111111111111110111111111111010111001111111111111
111111111110111111111111101111011111111011111101001101111111111011011111011111111111101111111111111111111111111111110111111110111111111111011110111111111111111101111111111111011111111101111111101111011111111111111111111110110111111101111111111111111111111111111110111111111111111111111110101101110111
101011111111111110110111111111111111111111011111111111101111111111111111111110111110101111111111111011111111111111111111110111111111111111111111111111111111111111111111111111110111111101111111111001111111111111111111111111111111110111111111111011111111111011011111011101110111111111111111111111111111
111111111111111101101111111110111111111111111110111111111101111111111011110111111111111101111111111111111110011011101110101111111111111110111111111101111111111111111111011111111111111111100111111111111111111111111111101111111111101011111011110111111111111111111011001111111111111111111111111110111111
111101111111111111101111101111111111101111111111111111111111111111111111110111011111001111111110111111111111111111111101111101111011111110111111111101111110111111111111110111111110111111111101111111111110101111111011111111111111111111111111111001101111110111111111110011110111110111111100111111111110
011101111110111011011111110111111111111111111111011111111011111010111111111111111011111110111101111111111011001111111111101111111111101111111111111111111111011110111011101111111101110111111111111111111110111011111111110111111101111111111111111111110111111111111111111110111111111111111111111111111111
111111111111111111111111111111111101111111111111111111101111111111111111111111110111111111111101111111111111111111101101111110110111111111111111111111111110111111001111111111111111110011111101111111111111111111111111111111111111111101111111111111111111111110111111100111111111101110111101111111111111
111111111111111111111111111111110111111111011110111111011111111110111111101111111011111111111111111111011111111111111111111011111111011111111101111111111101111110111111111111110111111111011110111111111101101011010111111111111111111111111101111111110111111011111111110111111111011111111111111111111111
111110111111111111111111111111111111111111111111111111111111111011111111111011111111111111111111111111111111111111111111111111110111111111111111111111111111100101111011111101110111111111111011111111111111111111111111111111111111111111011010011111101111111111111011111111111110101111101111111111101111
111111111111111111111111111111111111101101111011111111111111111111111101111111111101110111101111111101101111111111111111111110111110111111011111111111111111101111011111101011111111111111111101111111110111111111111111111111111111111111011111110111111101111111111101111101111011110111111111111101111110
011111111101111110111101011111111111011111111111111011101110111001111011111111110011111111111111101111111111111101001111111111111101111111111111111111111101011111111111001111110111111111111111111011111011101111001011111111111111111111111111111111111101111100101111111111111110111111101111111111111101
111111111101111011111111011111101111111111111010111111111111111111111111111111111111011111111101101111111111111111111111101111111111101110111111111111111110111111111111111111011111011101111111111111111011101111111010111110111111111111111111110111111101111111111110111111111111110111111111111111111101
111111111101111101111111111111111111111111111111111111101110111101101111111111111111111111111111111111111111111111111111111101111111111111111111111111111110011111111101111111111111111111111111111111101111111111111111111111011111101111111110111110111011111011111111100111111110100111111111111111111101
111111111111111111111111111110111111101111111111011101111111111111111111111111111111111101101111111011110111111111111011111111100111110111111011111111111111011111011011111111101011010101111111111111111111011111111111111111111111111111111111110101111110101110111111110111111011111101111011111111111011
111111111110111110111110011111111111110111111011111111111111111111110110111111011111111111111111111011011111111101111111111111111111110111111111111111111111011011111111110011111110111111011111101111110111011110111111101111111111111111111011111111111111111011111111111110111111111111111110111111111111
111111101101111101111111111111111111111110111111111011111111111110101111101101111111101110101011111111111111111111111111011111011111111111111111111001111111111111111101111110111110111111111111111111111111111101111110111111110111111000111111111101111111111111111111011110111101101110111111111111111111
111011111011111111011111111111111111111111011111011111101111111111111111111111001111111111111111111111111111111111111111111111110101111111111111111111011101111111111111111111111110110111111111111011111100111111111111111111111111111111111110001111111111110111111111111111111111111111111111111111011111
011110111111111111110110110111111101111011101110110111111111111111111111111111111101111111111101111111111011111101111111111011111101111111111110111011111111101110111111111111111111111111111111111111111111111111111111111111111111111011011111101110101011110111111011110111011111101101011111111111111111
111111111111101111111011011111111111101111111111111111111111111111111111111101111100110111111111101111111111111110111111111111110111111111111111111011101111111111111111111111110111111111111101111111111111111111111111110111111111111111111111111111011111101111111111111111111111111110111111011111011111
111110111111111111110111111111111111111111011111111111101111111111111111111110111111011101111111111111011111111110111111111111111111111111110111111111111111111111101011110111111111111111110111111111010111111111111111101111111111111101111111111111011111111111111110111111111111011011111111110111001111
111101111111100111111101111111111111011111111111100111011111111111111111011101101111111111110011111111011011111011111101110111111111100111011111111001011111111111111011011111111111111011111111110111111111111111111111110111111111111111101111011111111111111110111111111111111111111111111111011111111111
011111111011111110111011111111111011110111111111111111111111011111101101111111110111111111111111111111111111111111111111011101111111111111111111111111111111111111101011111111011111111111011111011111111111111111111111100111011101110111101111111001110111111111100111111110111111111110001111111011111110
111111111111111011111111111110101111111111111111111111111111111111101111111111011111111111111111111110111111111111111011101111111111111111111111111011010100111111011111111111111111111111111110110111111111111111111111111111111111111111111111111110111111111111111101101111111101111111110101111110111111
111111111101111111111111011011011111011111111111111111010111111111111111111111101111111111101110111110111111111111111111111111111110111111011111101111111111111111111111111111111111111111101111111111111111111111111111111111111111111111111111111111011011111011111110110111111111100111111111111111111101
111110101111101111011101111111111011110111111011111111011111111111111111011111110111110111111111011111011111111111111111111011111111111111101111111111101110111111111101111101111111111111111110111111111011110011111111111111111101111111111110101111011111101110101111111111111111111101111111111111010111
111111111111101111111101111111111111111001111111111110111111101101111101111111110101011111101111111011110011111011111111111111011111111111111111111101011111111111111111111111111011111111000111111111111111111011111111111011111111111111110111111110111011111111111111111111111111110111111111111110111111
111111111111111111111111110111111111111111111111011111111111111111111011011111111111011111111111111110111111101101110111011110111111111111111110111111011111111111111111111111111110111110111011101111101111111111111111111111110101111101111111111111101111111011011111111101110110111111101111111111111111
111111111111011101111111111111111110111101111011111111111111111111111111111110111111111011111011001011111111111111110101111111111111111111011111111111111111111101111101111011111111111110111111111111101111111111111111111111111101111111111101111111111111111111111111111011111111111110111011111111111111
111011111111111101111111111111111111110111111111011111111111111110111111011111111001111111101011111111111110111111011111111111111111111111110111111111111111111111111111111111111111111111011111111100011111111111111011111111111111111111111101111111111011111111111111111111111111111110111111111111111111
111111111110111011111110110010111111111110110111111111111110010111111101111111111111011011111110101111100100111110101111110111110111111111111111111111111110111111111111111111111111111111111111011111011111111111111011011111111111101110111101111111111011111111111011110111011111011101111111111111111111
110111111111111111111111111111111111110011111111111111111111111101110111101111101111011111111111111110101111110111111100111111011111111110111111110111111111100111010111110111111111111111111111111111111111111110111111101110111111111111111111111101110111111111111111101101111111111111111111011110101111
111111111111110100111011101110111111101111101111101111010111111111101111111111111101110111111111111111110111111111111111111111111111111111110011111110111111110111111111001111111110111111111101111111111111111111011110111111011111101111111011111111111111011111011111111111101011111111111111111111011111
111111111110111100111111111111111111111111101111111111101111111111011111111110101111111111111111111111111101111111111111111101111111111110101001101111111111111111111111101111111101111111111101111111111011111111011110111111111111111110111111111111111111111111111110111111111111111111111111111111111111
101111111111111111111111010111111111111101111111111111111101110111111111111111111111111111111111111111111111111110111111111111011111110111111111111111011111111111101110111111011111111111111111111111111111111011110111111111111011111111111111111111111011111111111011111100111111111111111111111111111111
111111111111111111101111111111111011110111101111011111111111011111111111111110111100110111100101111111111111111110101111111111111111111111111011111111111111111111110111111111111111111111111111111101111011101111111101111111111111111111111111111111111011111111111111111110111111111111111110111111111111
111111111111111111111110111111111111111111111111111111111111111111111111111011111111101111101110101101111111111111101111011111110111111111111111111111111111111111011101111111101111111111111011110100110111111110111111111111111111111111111111111111111111111110101111111111111111111111111111111111110111
111111111111011011111111111111111111111111111111111111111111011111101111111111111111111011111111111111110111111111101111111111111111111111111101111111111110101111011111111111110101111111111111111111111110111111111101111100111101111111111011111111110111101111111111011110110111111011111111111111111111
111111111111111110110111111101111111111111111101111111111111111111111111111110111101111111011111111111111111111111111111111011111111111110111110111111011110011111111111111101111011111111110111011111011111011111101101111111111111110011111111111111111111111111111111111111111110001110111111111110111111
111110111111111111111111111111111111111111111111111111111111011111111111011011101011111110110111111101111101111110111111111110011111101111111111110111111111111111101111111111011111111111111111111111111111111111111110111111110111111111111110111011111111111111111101101101111111111111111111111011111100
001111111110111101011111111111111101110111111111111111111101101011111111111111111111101111111111011111110111111011111111111111111110011111111111111111111111101111110110111011110111111111111111111111111111111011110111111111111111110111111111111110111111110111111111111111011111110111111111111111111111
111001111111111111110111111111111011111111111111111111111111111111111111011111111111101111111111111011111111111110111111011111111100111011111111111101111101111111111111111111111111111111110111111111111111110111111111111111111110111111111111011111111111111111111111111011111111110111111111111100110111
110111111111111011111111111111111111111110111111111111111111111111011111111111111011011111111111111111111111110111110111110111111111111111111011011111101101111111111111111111110111110011111111111111111111111111011101111111111111011111111111111011111111111111101111110111111111111011111111111111111101
101111110111111111101011110111111111111111111011111111111111011111111111111111101010110101111111111111110101111111101111110111111111111111010111111111111111111111111111111100111111111110110111111111111111111111101111111111111111111111111111111111111111111011111111111111111111111111111110111111111111
111111110111111011111111110011111111111011111110110111111111111111111111011111111111111111110111111111010111111111111111111111111111111111111011011111110011101111111010111111111111111111111111110111111111111111111110101111001111001111111111111111001111111111111111011111111101101111111111111111111110
111111111111111111101111111111111111111111111011111111111111111111111111111111111101111111110111111111111111111111111111111011111111111111111111110111111111111111011111111110111011111110101111111111111011111110111111111111111111111111111101111111111101111111111111111111101111111111111111111011111111
001111111110111111111011111011111111111111111111111011111011111111111111111111111111111101111111111111111111001111111111100111111110111111111111110111111111111111111111111110111111011111111111111111111111111111111111111111111111101111111111011111111111111111111111111111111111110111111111111111111111
111111101101011111111111110111111111111111111111111111011111111111111101111111111111010111111110111111111110111111111111111001111111111111111111111111101111111111101110111111111001111011110010011111110111111111011111101111111111101111111111101011111111111111111111111111111111111111101111111111111111
111111011111110111111111111111111111111110110110111110111111110111100111000101111111111111110111111111111111110111111111111011110111111110111011110111111111110111011111110111111111110011111111111101011111111111011111111111001111111111111111001011111101101101111111101111101110111111101101101111111101
111111011111111110111111111111101111111111111111111111110111111111111111011111111111111111110111110011111111111101011111111111111111011111111111111101111110111111011111111111111111111110111111101110111111111111111111111111111111111101101111110111111111001011111111111111110111111111111011111111111111
111111111101111111111111111111111111110011111111111110101111111111111111111111111111111111101111111110111111101111111111111111111101111101110111111111111111110101111111110111111111111111111111111111111111100111111111111111111101111111111110111111111110101111111110111011111111111111111111110111111111
111111111111111111111111111111111111111111111110111111001101111111010011111110111110101111111110111100111111111111111010111111111111111111111111111111111111011111011111111111111011111111111101111111111111111001101111111111101111111111111111011110111111111110111110111101111101111111011111001011111111
111111110111111111011111111111111111010111111111111111111111111111111111111111111111111111110111111111110011101101111111111111101110111111111111011111110111111111111111111111101111111111111111111111111111111110111100110111111111111111111111111111100111110111111111111111111111111011111111111111011110
111111110111111111111111111111111111011111101111111111011111111111110111111111111111111111111111111011111111111101111111111111111111010111110111111111111111011111111111111011111111011011111111111111111110111110111110111111111111111111111110111111111110111101110101111011111111111011111111011111111111
110111111111111111101111111111111111111111111111111111111111111111111111111111111111111110111010111111111111111111111101110011111111111111111011111111110011111111011110111110111011111111111011111011111111111111111111111011111101111111110111111111111111111111111101100111110111011011110111111111111011
111101111101111111111110111111110111111111101111101111111111111111111111110111111111111011101110110111111111111111111111100111111111011111111111110111101111111111111110011011111111010111101111101111111111111111111111111111110111111110111101111111111111101110111111101111111111111111110111011101111111
111110111001111011110101111111111111010111111111110111110111111111111011111111111111011111101111011110111101101111111101111111111101110111111111111111111111001011111011111101101111110111110111111111111111011111111111111111111111111110111111111111111111111110010001111111111111111111111111110111101111
111111110110111111111011111111111111111111111111111111011111111111011111111110111111101110111111111111111101111111111111110111111111111111111111111111111011111111111111111111111110111111111111111111111101110111111111111101011111111111110111111111111111010111111111111111111111111111111111111111110111
111111011111111101111011110011111111001111111111111111111110110111111111111111111101111111111110111111111111110111111011111111101111110011111111111111111111111110111101111111111111001111111111111101111111101110111111111111111111111101111111011111111110101111111111111111111111110111011111111111111110
101110111111111111111111111111111111011111111111111011011111011111111111111111101111111011010111010110111111011101110111011111111101111111111111111111111111111111111111011011011011110111111111111111011111111111111011111100111111110110111111111111111111011011111101011111111111111111111111101111111111
111111110101101101111111110111101011111101111101101101101111111111111111111111111111111101111111111111111111111011111111110111011111111111111111111111111111111111111111111110011111111111111110111111111111111111111011111110101111111111101111111111111111101111011111111111011101111110111111111101111101
001111001111110111111111111111111111111111110111101011111110111111111011111101111111111111111111111111111111011111111110111111111011111110011111111111111111000111111111111111111110011111111111111110111111101111110111111111011111101011111111111111111111111111111111111111110111111111111101111111011111
110111111011111111011101101111111010101111111111111111111111111111111111110111111111110111111111111111111111110111111101111110111111111111111111111111111111111111110101111111011111111111111111111011111011111111111111111111111111111111111111111111111111001111111111111111111111111011111111111111111111
111111111111111111111111111111110111111111110111111111110111111111110111111101111111010111110111110111111111111111111111111111011111111101111001111111111111111101111011111111111111001111111111111110111011111111111111111101111111111111111111111111111110111111110111111111111111111111111011111111111111
111011101111101111111111111110110110110111111111111111111111111111111111111111110111101111011111101111111110101110111110111111111111111111111111111111110011011111111111111111101011011111111101111111110111111011101111111111110111111111111111111110111111111111111111111111111111111101110111111111011111
111111111111111011111111011011111011111111110111111011101011111111111111111111111111111111111110111111110111011110111111111111111111111111111011111111111111001111111111111111110111011111111111101111110111111111011111011111101111111111011111101111101111111111101111011111111111111111111101011111111111
111111111111111111110111111111111111111111111100111111111111111111110101011111111111110111111111101110111111111110011111111111011111111111111111101111110111011111111111111111111111110111111111111111111111111101111111111111111111101111111111111111111010111111111111111111111111111111111111111111111111
111111111111111111111111111011111111111111111111111101011110101111111111111011011011111111110111011111111111111111111111101111111111110111111111111100111111111101111101111111111101111011111111011111101011111111110101011111111111111111111110111111110111011111111111111111110111101110111110111110101011
111111111111111111111111111111111111111011111110111111111111111111111011111101111111111110111111111111111100111111111001111111111111011111111111110111111111111111011111011111111111011111111101011111111111111110111111111111111111111011111111101111011011111111011101111111111111111111011111110001111111
111111111101111111111111110011011111111110111111110111111111101110111111111111111110111111111111111111111111111111111110011011111111110111111111111111101111111101111111011111101111111100111001111110111111111111111011111111111111111101110101011110111011111111111111111111011111110111111100111111111101
111101111111111111111111111111111111100111110111111111111111111111111111111111111111101011111111111101111111111111111111111111111111111101111111111111111111101011111111111101111111110111011111111111111111111110011101101111111100110111111101101111111111111111111011111111111011101011111111101111111111
111111111111111111111110111111111110111111011111101111111111111111110100111111110111111100111111101110011111111111111111111111111110111111111111111111111111111101111111011110010111111111011111111111111111111111111110111111111111111111111111111111111111111111101111111111111111111011111111111111110111
101111111111110111111111111111100111111111111111111111111111111111111111111101011111111111011110111111111111111111111111111101111111110111111101111111101011111101110111111111111101101011111111011110011111111111111111101101111101111111110111111111111111101111111011111111111111101111111111011111011111
111110111111111111110111011111111101111011111111110111111011111110111110100100001111111111111111111101111111111111111011111111111101111110111111111110110111101111111101011111110111011111111111111011111111111111110111111111111111110111111111111111111111111111111111011111111110100011111110111111111111
111111111111111111111111111111111100110111111111111111111011111111111111111111111011110111111111111111111111110100111110111011111111111101001111111111111011101111111111111110111111011110111111111111111111111110111011111110111111111111111101111111011111111111111111111011111111010111111111111111111111
100101111111111111110111111111111011111111111011011111110111111111111111111111111011111111111111111111111111111111111111111111111011111111111111111100111111111110111111111111100110111111111111111101111111110011111111111101111111111111111101111111111111111111111111101111011011011101111101111111101111
111111111011110111111111111111100111111111111111001011110111111111111111111110111111111111111101111001110101011110110111111100111111111111111110111111111111111101111111111111011111111111111111111101111111111111110100111011111111111111111111111101111111111111101101101101111111111111111011111111110111
111111111111110110111111111111011101011111111111111111111111111111011111111110111110111111111111111111110111111111111111111111111111111101110111011111111111110111110011111111110111111111111111111011111111111101011111111111111111111111111011101111111110111111101111111111011111111110111111011111111111
111111111111111111111111111111111111111111111111111101111111111111011111011101111111111111101111111111111111111111011011111101111111111111011011111011111111111011111111111111111111000111111111101110111110111111111111111110111111111011111111111101111110111111110111011111011111111111111111110111111011
111111111111110111111111111011111111011011011101111111111110011111111111111011111111111111110111101110111110101111011111111111111111111111111101111111101111111111100111111011101111111111111101111110011111111111111111111111111111011110111111111111111111111111000111111111110110111111111111110011110111
111111111111111111111111111111111111111111111111111101111111111111111111101111010111111101111111111111111111111111111111011111111111111111111011111011111111111111111111011111110011111111111101111111111111011111111111111011111111111111111111111110101111111111111111111111011111111111101111111111111111
111111001111111111111111011111111011111111111111011111111111111111011011011111111111111111111111011111111011111101111111110001101110011111111110110111111101011111111110110011110111111111111111111101111111111011110111101111111111101111111101111111111111111111111111111111111111101101111011010111111111
111111111111111111111111111111101111111111111011111111111111011101110110101110111111101111111111111111100110011111111101111111111111111111111111101111111111111111111011111011111111111111111011110101101111111011111111111111101011111111111111111111010111111111111111111111111110111111111111111111011111
111111110111111111111111110110111111111111111011111111111111111110101011111111111111111111111111111111110111111111011111111111111101111111111111111111111111111010110111010111111111011111111111111011111111101111111111111111011111111111111011111011111110111111111111101101111110111111111110111111111111
110111110110111101111110111111111111111101111111111111111111111111111011111111111111111111111111111111111111111111111111111111111111101111111111111111111101111111111101111111111111111101011011111101110111111001111110111111001111110101111111011111101010011111011111111111000111101111101111111111111110
111011011111111111111010011110111111110111111110111111111111111111111111011111111111101110111111111111101111111111111111111111111111111111111111111110111111110111111111111111101011111111111111111110111011111111111111111111111111111001111111111111111111111111111111101011111111010111111111111111111111
111111111111111011111111111111111111111111110111101011111111110111111111101011011101111111111101110111110011110111111111111111111111110111111101111111111111111110111101111111111111110111111111111111111111110111111111101111111111111111111111111111111111111011111111111111111110111111111111111111111011
101011011111111111111111111111111111111111111111111111111111111111010011111111111111111111111101111101111011001011111101101110111110111111111101111101011111111110111111111111111111111111110110011111111111111111111011111111111111101111111111111111111111111111111111111111110111111111111111111111110110
111111111101111101111111111110111111111111101101111111111111111111011101111011111110101111111111111110111111111101111111111101111110111111111110111111111111110111111111101111111111111111111111111101011110111111111111011111101111111111111111110111111111110111110111111111011110111001010111111101101111
111111111111111101111111101111111101101111111111111111111100111101111111111111111111111111111111111111111111111111111101011111101111111101111111010111111111111111101111111011111111111111111111111111111111111011111111101111101111111111111111111111111111111111111111111111111111111111101100111101101111
111111110110111011111111111111111111111011111111111111111101111001111101101111111111111011111011111110111111111111111111111111010111110110101111011111100111111011101111111111111111111111111100011010111101111111111111111100111111111111111111111111111111111111110111111111111111111111111111111111111111
111101101111111111110111101111011111111110110111011101111111010110111111111111111101111110111101111101011111111111111111111110111111111111111011111111111111111111111110111101111111111111111111111101101111111111010101111111101110111111111111111111111110111111111111111111110111110111111111111111111110
111111111111111111011111111101111101111011111111111111111110100011011011111111111111111011111111111111111111011100110111111110111110011111101111111110111111111111011111111111111111101101111111111111111111111111111111111110011101111111111110111111110111111111111111111110111111111111011111011111111011
111111111110111111111111111111110111111111011111111101101111111111111110110111111111111011010111111111111111011111110111111111111111101111110111111111111011111110011111111111111111110111111111111101100111111111111111111101111111111110111111111100111111111101111111111111111111111111111111111111111111
111111111111110111111111111110111111111101111111111111111111001111111110111111111111111111110111111110111111111110101111011111111111111111001101101111110111111111111111111101111101111101111111111111111111111111111111111110100111111010111111111111101111111100111111101110100111111111111111111111011111
111111111010111011111111111111111111111101111110111111111111111111111111111011111111111111111111110111110111111101101110111111101011111111110111111111111111111111111101111111111111111111110111111110011111111110111111111111111111111111111111111010111110111111111111111111111111111111111110111111111111
111111111111100111101111101111101111111011110111111111111111111111011110111111111111111111111111111111111011111011101110111111111111111110111111111111111111111111111111101111111111111011111011111111111111111111111111111011110111111011110110111111011111111101111111101111111011101110111111101111111111
101111111101111111111110111111111111111111111111111011111111111111110111111011111111111011111101111011111111110111111111101111111111111111111111111111111110111111011011111111111111111111011111111111111111111111111111101111111001111111111111111111101110111111111111111111111110111111111111111111111111
111111111111111111111111111111111111011111111111011111111111111101111111111111111111111011111111111111111111111111111111111111011111111111010111010111111101011111111111110111101111111111111111111111111111111111111110111111111110111111111101111111111111011111011111111011111111111111111111111101111111
101111111010111111111111110111111111111111101111111111111111110111111111111111111010111111111111111111111111010111111111111111111111111111111111111111111111111111110101111111110001111110111111111111111111111011111111111111111111101110111111111111011111111011111111011111111011111111111111111110011111
101111111111111011111101011011111111111110111101111111111111111110111111111111101111011011111101111110111111001111111111111111111111110101111011111111111111111111111111111101111111111111111111111111011111111110110111111111100111111011111101101110111101111111111111110111111111111111111111010111110001
101111111101110111111011011110111111111110111111111111111101111111111111111111111101111110111111111111111111111111111111111111111111111111111111111110110111011111111111111101111111111111111101111111111110111111111111111111111011101111111110111011111111111111111111111001111111111111101011111111111111
101001111111111111111111111110111111111111111011111111101111111101110011111111111111110111101111111111111011111011111111111111111111011111111111101111111111101111111111011111111101011111111111111111111100111111101111111111111111110101110111111111111111111111111111111111111111100111111110111111111111
111110111111110111111111110111111111011111111101111110111010011111101111111111101101111011111111111111111111111111111111111010111111111111111111011111111101111101111101111111111111111111111111111111111111011111111111111110110111111111111111011111111111111011111111011111111111111111101111001110101111
111111110111101111111110111111101111111111111111111111101111111111101011101111111100111111111111111111111110111111111111001111011111111011110111111111111111111111111111111111111110111111111111111010111111110111111111111110111101111111111111111110101111111111111111111111111011111010111111111111111101
111101111111111111111111111111101111111110111111111110111111111111111111111111011111110111111111111111111110111111111111101111111111111100111110111111111111110111011111111111111111110110111111101111111101111110111111011100101101111111111111111110111111011111110111111111111110101011111111111111101111
111111111111111111111111010111101111111111011011111111111111011111111111101111111110111111111111111110111111111111111111111111111111111111111111111111011101011111111111101111111111111111101111111111011111111100111011111111110111111111111111111100111111011111101111011111011011111111111111111101111111
001011110001111111111110111111011111111111101111111111111101111100111101100111111111111111111111111110111111111111110111111111111111111111101101111111101111111011101111111111111111111111010111101111111111111111111110111111111111111011001111111111111111111111111111111011101111111111111111101111111111
110111111111111111110011110111111110111011101111011011111111111011111110111111111111111111111111111111111111111011111111110111111110111111111111111111101111111111111111111111011111111101101101111111111001110101101111010111111100111011111111111011111101110111111111001111111101111111111111101111111111
111111100011111111011111111110111111101111111111111110111111111111111101011111011111111111011101111111111111111111111111111111111111111111111111111111111111111110111111111111111111101111011111111111110111111111111111111111101101111111111111111111110111111111111111101111111111111111111111010111111110
110111110111111111110101111111101011111101111111100111111011111110111110110111111011010111111111111111111111111100111111110111111111110111111111111111101111100111110011111110111111101111111111111111111111111111111111111101111111110111111110111110111111101101111111111101111011111011111111010101111110
111111111111111111011111111101110011111111111111111101101111111111111111111011111111111111111110111111111111111101111111111101111110101101010110110111111111111111111111111111111110111110111111111111111111111111111111011111111111110111111101111110111111111111101111101111111111101111111111110111111111
011111111111110110110111001110110101111111111111111110111001111111111111111111111111111101111111110111111011110111111111111111111010111111011111111111100110111111111110111111111111111110111111111111111111111111111111111111101111111101111111111111111110010111111111111111111111110111111111111111111110
111111111111111111010110111111111111111111111111111010111111001111111111110111111111111111110100111111111111111111111111111111111110111011111111111111111111111011111110111111111111111111111111111111111111111111111101111011111111111110111111111101111111111111111111111011011111111111111101011111111111
111111111110111111110111111111011111111111111110111111111111111101111111101111111111111111111110010111111111111111111111111111111111110110111111111101111111111111111111111111011111111111111110111111110111010011101111111111111111111111111111111001010111111111111111011111111110101111110111101111101111
011011111001101111101111111111011111111111111111111111111111111111111001011010111111111111111111111111111011111101011111111111111111111111110011111111111001111111111111111101011011111111101111111010111111110111111111111111111111111111111111111111111111101100111110111110111111111110111111111101110011
111101110111111101011111101111111111111111111111111111111100111111111111101111111111111110111101111111110111111111111111111111101110111111111111101111001111011111101011111111111111111111111101111111111011111111111011111111111111111111111111111111111011111111111110111111111111111111101110111011110011
101111111010111111111010111111111111110111111111111111111111101111111111111110111111011111111100111111111111111111111101011110111111111110111111111101111111111111111011111111011111111011111111111111111111111111111111101111101111111111111111111111111101111111111111111111110111111111111111111111111111
111111111111111111110111111111111111101110011110111011010100110111110101010111011111111111111111101111111111010111111111011111111101111111011111111011100111111111111011111111111111111101111111111101111111111111111111101111111111111011111111111111111111111111111111011111101011111111011111111111011111
101111110111011110101111111111111011110111011101111111111110010111111111111111111111111111111111110111111111111111111001111111110111001111111101111111111011110111111111111111111111111111111111111111011110111111111111110011110111111111111111111011011111111110111101111111111111111111111111111111111111
101111111111111110110001111111111111010111111011111011111101111101011111111111111111001111111110111111111111101111111111111111111111111111111111111111100110111111111111111111111111011111111111110111111111111111111111111111111011110111111111111101111111111011111111111111111111111111111111110111001110
111111111101111111111111111011111111111111111101111111001011111111111111111111111111111111111111111101111110111111010110111111101011100111111111111101111100111001110111111111111111111111111010111111111111111100111111111111110111111111111111111101110111111111111111111111111110101111111111111111110111
110111111111111001111110111101111101101111111010111111111111111111110111111111111111111110110111111111111110111111111111111111111111111111111111111111111111111111110111111111111010010111111110110111111111111111111011111111101111111011111111111111111111111111111111101101111111111111111111111011101111
111111111100111111111111111111111110111111001011111111111111111111111111111111111111111111011110110111111111111111111111111111111110110111110111111111111010111111111111111111111111111111100101111010111111111101111101111110111011111111101111111111111111111111111111010111111111101111111101111110111111
111111111101111111111010111110110111111110111110111110111111111011111111111111111111111111001011110101011111111111111101011111111111111001111110110111111111111011111111111111111111110111011011111111111011010101011111011111101111111111111111101111111111111110111111111111111011111101111111111111111111
111111111111111111111111111111111111011111111111111101111101111111110011111111111111111111111101111111111111111111011111111011111101111111111111111111111111111111111111111111111111111101010011111101011101011111101111111011101111111110111111111101111111101111111100111110110011111111111111101101001110
111111111111111110011111011111111111111111111101111111101110111111111111111111111111111101011111111011111111111111110111111111111111111011110111111111101110111011111111111110111111100110110111110111111111111111111111111111101101111011011111111111011111111110011111111111101111011110100111111110111111
111110111111101111111111110111111101111111101111111111111111111111010111111011111110111110111111111101111110111111111111011111111111111111110111110011111111101110111111111111011111111110111101110111111101011110111111111111011111111111111111111111111011111011111110111011111011111111111010111111111111
011111011111111111111111011110111110111111101111111111111111111001011111110001111111111111011111110111111111110111011011111111111111110111101111110100111010111011111111111111111111111111011111111111111111111111111111111111011111111111111110111111110111111111111011111111011111111111111110111111011111
111011111110111111111011111111111111111111110011111111111111111111101111101111111111111011111111011111111111111111111111111010110111111011110111111111111111111111111110111111110111111111111101111111011011011111111111111111111111101011110111111111111111110011101111110111110101111101011111111111110011
111111110111111111111101110111011111111111111101001111111111111111111111111111111111111111111111111111110111111111110111011011111101111111111110111110111111111111111111101111110110111111101111111111111111111111111111111111111111111111011111110111110111111111111111101111111110111101111011111011111011
110111111111111111111011110011111011111111110010111111111111111110111111111111111011111111111111111111111111111111111111011111111111001111011111111111111111111111010111111010111111111111110111111111110111011111111111111111101111011111111111111111111101011101111011111111011111111111011111111111111111
111111111011111101011111111111111110111110111111111111101101111111111011111111011111111111111111111111111111111110111111011111111111111111011111110111111111111111111111101111111111111111111111111111111110111111101101111111111111110111111111111011111111111111111110111111111111111111110111011111111111
101111111111111111111111101111111111111111011111111111111111011111110111101111111111111111111111111111101111111110110110101111011111111011111111111111111110111111010111111111111111111111111111111110111111111111111111111111101111111111111011111111111111111111111111111011111111111111111110111111111111
111111111111011111111111101111110110111111101101111111111111111111101101111111111111111111111111111110111111111111011111111111111101111101011111111111101111111111011111111111111001111111111111111111101111111111111111011111110111111110011111011111111101111111101011111011101111111111111111111111111111
111111111111111110111111111110111111110111111111111111110111110111111111010110111111111111111011111111111111101111011111111111010110111101111111111110000101111111111111111011101101101111111011111111111110111111101111111011101111011101111111111111011111111110110101011111111111111111111111111111111111
111111111111111111011111101111110111111111111111011011111111111111111111111110111110111111011111111111101111110111110111111011111011110101111111111101111111111111111110111111011111111101111111111111111111010111110111110111111111111011101010111111111111011111101110111111111111101111111111111111111111
110111111101111111111101111111111111111111111101111111011110111101101111111110111111111111111111111011111111111111111011111101111111011111111110011111111111111111111110101111111111111111111111111101111111111111111111111111111111111111011111111111111111111111111111011111111111111111110001111111111111
101111100111111101111111111011111111101111111111111111111101111111111111011111111111111111111111011111101111111111111111111111111111111111111111001101110111111111111110111111111011111111111111111110111111111101111111101111111111110111111111111111111110110111111111111101010111111111111111111111101111
111011111111111111111011011111111111111111111101111110111111111111101111111111111011111111111101111111011111111111111111101111111011101111111111111111110111111111011111111111111111101111111011111110111111111000110111111111101111111111111111111011011101111111101111011110111111111111111111111101111111
111111111011111111011111110111111111111111111111111111111111111110111101110111111111111111111101111101010111111111111111011111111111111111011111101101111111110111111111111101111111111111111111111011110111011111111111111111101111111111111111111101111111111110111011111111111111101111011110111111111011
111111111100111111101111111011101111111001111111111111111111111110001111111111111111101111111101111111111111111111111111111111111111111101111101111111110111111111111111111111111111111111111111011111111100111111111101011111111111111111111101110111111111110111111101111110111011101111111110111101111101
111111111111111111111111111111111111111010111111111111111011111111111110111111111111110111111111111111011101111111110111111111111111011101011111101011111111111100111111101011111011111111111111111111111111110111111111111111111111111110111111111111111111111111111111111111011010111101101001110010111111
111111111101111111010111100111111111011011111101111111111111111111111111110111101111111111111110011101111110011111111110111011110111111111111111111011111111111111111111110111111111110111111111111111111111111111111111111111111111111011111111111101111111101111111111111011111111111111111110110111111110
111111011111111111111111111111111111011111110111111001111111111111111111111111111111111111111111111111111111111111111111011011111111111111111111011111110111111111111111111111111111111110111100111111111101111111111111111111111111101111111111111011111111111011111111111111111111111011111111110101111101
011011111101111111111011111111010110111111111111110111101111111111111011011111111011111011111111111111111111101111111111111111111111101111110111111111111111111111101111111111011111111111111111111110111111011100101111011111111111111110111101110111111111111111111111111111011111111011111111111111111111
101111111111111111111111111111110111010011110011111111111110110111011111111111111111111111110111111101111101011111111111111111111101111111011111101111111101111111111111111111111111111111111111111011111111111111111111111101111111111111110010111111111111111111111111011111111111111111111011111111110011
111111111111111111111111111111111111111111111111111111111011111111111111101111011010101111011111111111111101110101111010111111111101111010101011111111111111101111111111111111111111011111111111111111111111111111111111111011111111110110111011111111110011111111111111111111011111101111111011111111111011
111111111111110110111111111111111111101111011110111101101110111111111111111110110111011111111111111111111010011111111111011111111111111111111111111011111111111111111111011111110111111111111110111111111110111101110101101111110110111011101111111110111111111111111111011111111111011111111111111111110111
111111110111111101111110111111111111111111111111101111011101111111111101100111110111111110111110111011111111111010111111111111111111111011111111101111111111111111111111111111110010111111111111111111110111111111111111111111111111011111101111111111111111111011111111111101111111111111111111111011111111
111111110101110011111111111111111111111111111011111111011110110111111111111011111111111101111111111111111011011111101111111111111011111111111111111111111111111111111110111101111111111111111111110101011011011111111110111111011111111111111111111011111111111111010100111111111110111111111111111111111111
111111111111011111111011111110111111111110111111111111111111111111111111111011001111101111111111111101111111111111111111111111101111110101110111111011111111111111110111111111011101111111101111101111011111110111111101111111111111111101111111111111111111011110110011111111111111011011111111111111111110
111101111110111111110101011101011111101111111111110011111111111111010111111111111111011111111101111111111111101111111111111011111111111101111101111111111111110111101110111101111111111111111111101111111111111111111110011111110111111111111111111111101111111010111101111111110111111111011111111111111111
111111111111101111101111111110111101111111111111111111011111011111111111111111111111101111111111111111111101011111110111111110101111111111111111111111111111111111111111101111111111110001111111111111111011111111101111111111101111111111111111111111111011111111111111101111111111111111111111111111110110
011111111101111101111111111111011110111111111111111111111110111101111111111111111111111111110111111110111111111111111111111111111111111011111110111111111110111111110111111111111111111111111101111111111110111111111111101111101111111111011011100011111111111101111110111101111111111111110111111111111111
111111101111111111111111101110111111111111011101101111111111111101111110011111111111011111111111011111110111111111111111110111111111110111101111111111111011110111111111110111111111111111111111010111111110110101111111110111111111001111111111111111011111011111111111111111001110111111101111111011111111
111111111111101111111111111110111111001111110111110111110111111111111111101111110111111111111111111111101111111101011111111011101111111111111111111001110011111111011111111111111111111110011011101111111111111111011010111111101111111111111111111110101111111111111111111011111111111011101101111110111111
111111111011111111111111110111111111111111111111111101111111111011111101111101110111110110111101111110110111110011111111111111111101101111111111010111101111111111111111111111111111101110111111110111111111110111101111111101111111111110111101111111111101111111111111111111111111111101011111111111001111
111111111101100111111101101111111110101111111111111111011111111111111111111110111101111111111111111111111111111111111111111111111111111111111110110111111111101111111100101101101111111111111111111111111111111111111101101111111110111011111111111111111101111101111111101111011111111111110111111111111110
111111111111111110110100111111111111111111111111111111111111111111111111111111111111111111111111111011111111111111111111101111111111111111111011111111111011111111111111110111111010011111011110111111111111111111111111110101111101101110111111111111111011111110111111111111111111001111111111111111111111
111111111001111011111111011111111011111111111111111111111110101100110111111111101011111111111111011111110111111111011111011111111111111101111011101111111111110110101111111011111111111111111101111111011111111111111111111111111111111111111111111111111111111110111111111101011111111011111111111111111111
111111111110111110111111111111111101111111111111101111111111111111111111111111111111111110111111110011111111111111111011111111110110111111111110111111111111111111111111011011111111101110111111110111111111011111111111111111111111111111111111111011011101101111111111110111111011110011110110111111111111
111111111111111111011011111111111111111111111111111111111111111011111111101111111111111001011111011110111000110111101011011100110111111111110101111111101001111111111111111111111111111111111111111111111111111111110111110101111111111111111111110111110111110111111111011111111111111111111111111111111111
111111111111111111111111111111111111111111111001111111111111111111111110111111111111111111111111111011111111110111111111111111111111111111111111111111111110111110111111111111101111111111011111111111111111111011111111111111111111111111111111111111111110111111111111111111111110110101111101111111111111
111100111111111111111111010111111101110110011111111111110111011111111111111111110111011111010111111111110111110101111101111110101101111111111111111101111111111111111111111111111111111111111101111101111110111111111111111111011111111111110101111111111011110011111110110111101111111111111111111111111111
111111111111011111110111110111111111111111101110111011111111111111111011111111111111111111111111111100111101111111111111110111111111111111111111111011101111111111111111011111011101111101111111111110111111101111111111111111111111111111111111111011111111101101111111111111111111111111011110011011111111
111011111111011101101111111101111111111111101111111111111111111111111111111111111011111111011101111111111011011111111111111110011101011111111110101111111111111111111111111111111111111111111101111101111111111111111111111101111111011111111111111101111111111111111111111111101111111111111111111110111011
111111111111111111101111111111111000111111111111111111111111111110110011111111111111111111111111111111111110110111111110111111111101111111111110111111001111110111111111110010111111011111101111111111111010111111111111111111111111111111111111111010111111111110111010111100111111111111111111111111111111
111101111111111101111111111111101111111111111101111111111111111111111010011111111111111001110111111110111111111111111111111011111110111111101111111111111111111011111110111111111111111111111101111111101111111111111111111111111111111111111111111111111011111111111011111111111101111111111011111111111111
111011111111100111111011101101111101111111111011111111111010111111111110111111111111111111111111011101111011101111111111111111111101111101111111011101111111111111111111111111111111111111011111111110111100011111111111111011111101111111111111111101111111111111111111111111111111111111111111111111101111
111111010111111111111111111111100100111111111010111111111111011011111111111111111111111110111111111110111111111111111011111111111111111111111111111111111011111111111111101011110111110111111111111111101011111111111111111110111111111111111111111011101101111111110111111111111111111111111111111111110111
110111111111110111101111111111111111111111111110110111111011111111101111111111111101110111111011111111110111111111111111111111110011111111111111111111111110111111111111111101111101111110011111111111111110111111111111111111111111111111110101111111111101110111111111011111110101111011111111111111111111
011111111111111111111111110101111111111111110111111111111000011111101111011111111101111101111111111111111111111111111111111111111100100111101101111111111111011111100011111111111110111111111111011111111111111111111111111111101011111101111111101101111111111100111101011111101111111111111111111111111111
