222222222222222222222222222222111111111111111111111101111111111111111010111011111101101111011011100111111111111111111111111111111111111111111111110111111111111111111111111111101111011111111111111111111111011111111111111111001111111011111111111111110111111111111111110111111111111111111111111111111110
222222222222222222222222222222111111111111111111101111011111111111111111011111111111101111111111110111110111111011111111111111110011111111011111111111111111111111111110011111111110111111111111111111111111110111110111110111111111011011111111111110111111110111111111111101111110111111111111111110011111
222222222222222222222222222222111101111111111011111111111111101111101011111111111111010111111111111111111101111111111111111111111111111111111111111111111111111110111111111111111111101111111101111111111111110011111111111111111111011111111111111011011111111111110111111111011011111111101111111111111011
222222222222222222222222222222111111111110110111101111111110111111111110111111111111111111101111111111111101111111101111001101011011111111111110111111111111111110111111111111111110111011111111101111111111111111111111111111110111011111111100011111111111111111111111111011111110110111111111111111111011
222222222222222222222222222222111111111111101111111110110111110111110111111111111111111111111111111111101111111111111111101111111110111101110111111111111111110111111111111111101101111111111111111111111111110100111111011111111111111111111011111111111111111101111111111111111011111110011011111111111111
222222222222222222222222222222011011111111111111111101111111110111011111011111111111111111111111001111111111111111111111111111111111111111111110111101110111111111101111111111111011101111111110110111111111111011111101111111110111111111011010111101111111111111111100111111110110111111101011101111111111
222222222222222222222222222222111111111111111111111111111110111111111111111111101111111111111111101111111111111111111110111111111111110111111101111111111111111011111111101111111110111111011111111111111111111111111001111111001111111111111010011111101111101111111110111111011111111111111111111111111111
222222222222222222222222222222111111111111111111011101110111111011111111111111111111111111111111111111111111111111110110101111110111110111111111110111110111111111111111110110111111111111111111111111011110011111011111111111111111111111111111111111110001101111101111101111111111110011111111111011111111
222222222222222222222222222222110010011110110111111111111011011011111111111111111011111111111111111111111011111111011110110111111011111111111111111011101111111111111110111011111110011110111011111011111111011111111111111111111111111111111111111111111111101111110111111110111101011111101111101111111111
222222222222222222222222222222111111111110111100110011111111100111111111111111101111111011111111110111101011110111111011111111111111111111111111111111111111111111111111111111111011111111111111011111111111111111111111111001111111111111111111111111111111111111111011111111111111110111111011111110111111
222222222222222222222222222222111111011110111111111111111111111110111111101011111101111011101111111011111101111111111111111110111111111001101011111101111111111011101111111111111111111001111111011101110111111110111111111111011111110011111110011111111111111101111111111111111111111111111100111111111111
222222222222222222222222222222101111111110111111111110110111110111101111111111001110110111111111111111111111111011111111111111101111111111111111111111111111111111011111111111111111111111111111111111111111111111111111111111111111111111111011110111101111111111111111111111111111110111101111111110111111
222222222222222222222222222222111110111111111111111001110111010011111111111111111011111111101111111111111111111111111111110111111011111111111111111111111111111111111111111111111111111111111111111101111111111101011011111111100111111111111101101011111111110111100111111111111111111101101111111111111011
222222222222222222222222222222111111011111111111101110111111111111111111111111101111111111111110111111111111101111101111011111111111111111111111111101111111111111111111110111111101111111111111111110111111111010111101011111111111111111111111111110111110111110111111111111011101101010111111011110111111
222222222222222222222222222222111111111100111111111111111111111111111111110111111001010111011111111110101111111111111111111111111111111111111111111111111111101111111111111111111111111110011111111111011111101011111111111101100111110101111110011101111111011111111111111111111111111111111111111111011101
222222222222222222222222222222111111111101111111111111111111111111111111111110111111111111101011111111111111101111110011111111011111101111111111011101011111111111110111111111111111111111110111101111111111111110110111111111111111110101111111011111111011111011111011111100011111111111111111111111111111
222222222222222222222222222222111111111101111111111111111111111111111111111111111111011111111101111111111011111111110111111111111111111011110111011111111110111111111111110111111111111101111111101111111111111111111111111111111111111111111111111011111111110111111110111110111111101111111111011111110101
222222222222222222222222222222111111101111011111111111111111111110111111111101111111111111110111110111111111011111011110111111111111110101111110111111111111111111111001110111111111111111111111101111111111111111110111111101011010111111011101111111111111111111111111111110111110111111011111111111111111
222222222222222222222222222222111111111111110101111111111111111111111110111111011111111100111111111110111111001101111110101011111111111111111101111111111110111111111111111111011111110111111011111011111111111111111111111111111011111111111011011111111111111111111111111011111111111111111011111111111111
222222222222222222222222222222111111111110111111110111110110111111111111111110111110011111100111111111110111111011111100111111111111011111111111111111111111111110111111111011101111111111001111111111111111111011111111111111111111111111111111111111010111111111111111111111111111111111111111111111111111
222222222222222222222222222222000111111101111111111111111111111101011111111111111111111111111111111011111111111111111111100001011111111111111111011111111101100111111101111111111111111111011111111111111111111011111111111111111111111111111111111111111111111101111101111111111111111111111111111111111011
222222222222222222222222222222111111111111111110111111111011111111101110110101111100111111111111101011111111111111110101111101111111111111101111111111111111111111111111101011111110111111011111111111111111111111111111110111110111111111111111111111111111111111111111111111111111111101111111111011111101
222222222222222222222222222222011111111111011111111111111111111111011111101111111111111101101111111111111111111111110011111111111111111111111111111011111111011110111111011111111111110111110011011111111111101111111111111101111111111111101111111111111111111111111111111111111111111111111111111111111111
222222222222222222222222222222111111111111111111111101110111110111111111101111111111111111110111111001111010010111111111111111111111111111011011111111111111111101110111011010111111101111111111111011101111111111111111111111111111111111101101111111111111111111111001111111111111111110101111111111111111
222222222222222222222222222222101101110111111111111110111010111111111111111111111111111111111011111010111111111111111101011101111111111111111111111111111111111011111111111111011111111011111111111101111101010111111111111111111111111111101111111110111111111101011111011111111011111011111101111111111111
222222222222222222222222222222111111111111110101001111111111111111111011111111111111111111111110111111111111111111111111111011111111110111101111111111111111111111111111010101110101111011111011111111111111111111111111101011011101111111111111111111111111111111111111111111110111101101101111111111110001
222222222222222222222222222222111101111111111111111101111011101110011110011111111111111111011111011111111111111111101111111111101111101110101111111111101101111111111111111110111111101111111111110111111111111111111011111111111111111101111111111110111111111110011101111011111111111111111111111111111111
222222222222222222222222222222110111111111011101110111111110111110101111111101111111011111101111111111111111111111111111111111101111111111111111111101111111111111111111111111111110111111111111111111111111111111111111111111110110111111111111011101110111111111111111110111111111111111111111111111011111
222222222222222222222222222222111111110111111101111110111111111111111110101111111011011111111111111111111111011111111111111111111111111111111111110111011111111111111111011111101110111101111111011111111111111111111111011011111110111111111101111111111110010111111111111111111111011111111111111111111111
222222222222222222222222222222101111111111111111111110111111011111111111111101110111101111110111111111111111111111111101111111111111111111111111111111111110011111111101111111111001110101111100111111111111111111111101111111111111111010101111010111010111101111111101011011111111011111111111111111111010
111111111111111111011111111111111111111111011111111110111111111111111011101111111111001010110111111111111111110111111101111111111111011111111101111111110111111111111101111111111110111111111101111111111111111100110110111111110110111111111111011111010111111111110111111101110101111111111111111111111111
111111111111111111111011111111111111111011111111111111111111111101111111111111111110111111001111111101001111111111111101111111111111111111111111111101110011110111111111111111111111111111111101111111111111111111111111101111111111111111110011111111111111111011111111111010111111111111111111111111111111
110111100111111111111101111111111111111111011111111111011111111111111111111111111111111111111110111111111111111111101111111111110111111111111111101111111111111111111111101111111001101101111111111111111110111111110110111111110100101111111111111011111110111111111111111111111111110111111110111111111111
111111111111111111111111111111011011011111111111111111111101001111101011110111111111111111111111111111111111111111110111011101111111101111111111111111101110111111111111101111011111111111111111111111111111111111111111111111111111111111111111111111111011101111111111111111111111110101111110111111111110
111111101111111111111111111111111111111111111111011111111111011111111111111001110111110111111111111101111111111111010110111111111110111101111111111101101011111011110111111111111111111111011111111110111111110111111111111111111111111111111111111111111111111111111111111111111111111110111111111111011111
111111110110111111011111111111111111011111111111011111111101110101111111111110111110110111111111111111101111111111011111110101111111111111101111111111111111111111111111011111111011111110111111011111111101111111111111111111011111101111111111100110111110010111111111111111111111111101001011111111110111
111101111101111111111111111111101111111110101111111111101111111111111011010110111111111111111111111111101111111110010111111111111111011111111111101111111111111111111111111111111111110111100111101111111110111111111110001111111110111010111111111111110111111111111111010111111111111110111011011011110111
111111111111111111111101111110111101111111111111111101111111011111111111111111110111101111111111110111111111111101111111111110111101011010101011101101101111111111111011111111111111111010111111111111110111111111111111111111111111111111111011110110111111111111111111111111011111111111111111111111101111
010111011111111111111011101110011111011111111111111111111111111111111111111111111011101111111111101101111111111101111111111111111111111111001011111111110111111111111111111111011111111111110011111111111101111111011111111111111110111111011011111111111011011111111111011111110011110111111110111111111111
111111111111111111111111111111101111111111111101111011111111111111111111111111111111111111111111111110111011101111110111111111011111011111111111111110111111111111111111111111111101111111111111111110111111111111111001111111111110111101111011111111101111111110101011111001111111111110111110111111111110
111011111111011111111111101111111111110111111111111111111111110111111111111111111110011100110011111111111111111111111111111111111111111111111111110111011011111111111111111111111111111110011101111111111101101111011111011111111111111111110011111111111111111111101111111111111111111111111111111011111111
111101111001011111111111111111111110111111011111111111111001111111111111111111111111101110111111111110111111011111111111101111111111111101111111101101111111111111101111111111111111111111111111101111111111111101111111111111100111111111111100111111111111111011111111111011011111111111111111111111111011
111110111011101111111011101111111111111111111111111011111111111111110111110110111111111111111011111111111111111111111111111111111110111111111111111111111111111111101111111111111110111111111111011101111110111111111111011111111101111111111111111111101111111111111111111111111101111111111111111101111111
111111111111111101111111011111111011111111111111111111111011111110111011111111111111111011111110111111111111101111111111111111101111111111111001111111111111111111111111111111111111111111111101101111111111111111110111111111011111111111101111111111101111110111111011111111111111011111111111111111111111
111101111111111111111111111111111011111101011111111111111111110111111111111111111101111011111110110111111111111111111111111111101111111111111110111111111011111111111111111111110111111111101111011111111110010111111111111111110111111111111111001111111111111110111111111111111111111111111111111111111101
110111011111111110111111111111111111111111111101101111111111111110110111111111111111111101101111111111111101111011011111111110111111111111111111110111111111011101101111111111110111100111101111111111111111111111010111111111111111111111111111111111101010110101111111111100111101111111111111111111101111
111111110111111111011111111111111111110111111111111110111111111111111101111110111111111111101011111111111111111111111110111101111111111011111111111111111101111111111111110100111111111111111110111111111011111111111001011111111101111101111111111111111111111111111110011111110011111100101101111111111111
111110111111111110111111111111111111000111111101101111111111101111111111111111011111111011011111111111111111111111111111111111011111101111011111010011111111111111111101101001111101110111111111111111111111111110111011010110111111111111110111111111111011011111111111111111111111111111111111111011111111
111111111111111111111111101111101111111111111111111110111111111011011111111111111111111111111011111011111101111111111111111001111111111111101101110011111111111111101111111111111111110101111111111111111110110110111110111111111110111111011011111101111111110111111110111011111110111111111111111111111111
111111111101010111111011011111111111111110101111111111011001111111111111111010111111100111110111111111111111111111111111011101110111111101111011111101101111111101111011111100101111111111111111111101111111111101101111111111111111111111111111111111111111111001111111111111011101111111111111111111011111
110111011111110111010111111111101011111101111110111111011111111111111111110111011111111111111111111111111101111111111111111111111111111111111111111111111111110111111111011101111111111111011111111111111111111111111110111111011100111111011111111011111111111111011111111110110111111111111111111111110101
110111111110111110111111111011111111101111110111111111111111111101111111111111111111110111001111111011110111111111111111011111111111011011111111110011111111111111111111111011111111111111111011111110111110111111011111111100111111111111111111111110111111110111111011111111111111111111110111111111011110
110101111111111011111111111111011111110011111111111111111101011111111111111101111111110101011111111111111111111011111111111111101110011110111111111110111110110101111111101111111011111111111111101101111111101111111111111111101111110110011011111011111101111110111111111111111111111011111110111111111111
111111111001011111101101111111111101000111111111111110111011111111111111111111111101111111110111110111111111111111111111111111111111111111111111001010111111111100111111110111111111111101111011111110111111111110111111110101011111111110110111011101111011111110011111011111111011111101111111111111111111
011111101111111101111111111111111111111111111001111111111111111111111111011100111111111111111011111001110111110111111110111011100011101111111111111111111111111111111011111111111110111011111110111111111111111111011111111101111110111110111111111111111111111111111111111111111011011111111011111111111011
111101111111111011101110111111110111111111101111111111111101111111111111111011011111111010111111111111111111110111101101111111111111110111111111110111101101111010111111111111111111111111111111111111111111111111111110111011110111111111111111111111110111111111101111111111111111111111110111111111111111
110111011111111101111101111111101111011111010011111111111110111111111111110100111110111011111111111111111111111111111111011111111110111011111111111111111111110111111111111111111111101111111111111111111111011100111110111111111111111011111011111111101111101111111110111111111111111111111111111111111111
101111111111111111111110101111111111110111111111111111111111101111111111111011111111111101111111111001111111111110111111111111111111111111111110111111111111111111111111101111111011111111011111111101111111111110111111111111111111111111111111101111111111111111111111111111111011111111110111111110111101
111011111101011101110111101011111101111111111011111101111111111101011011111111111101111111110011111111111111110111111111111110111111111111111111101111111111111111111110111111111111011111110111111111111111001011111111110101111111101111110111101111111111111111111111111111111111111111011111111111110111
111111111111111011101111111111110111111011101111111111111111101111111111111111011001111111111111111111111101111100111110111110111111111111111110111111111110111111110111111111111101111110111101111011111111111111010111111111101111111111111111111101111111101111110111111110111111111110111111111111111110
111111011011111111110111111111111110111111101111111101111111111111111111111111111111111111101011111111111111101110111111111111110011111111111111111111111111111111111111111111111111011111111111110111111101111100011111111111111111111110111111111111111111011011111111111110111111111111111101111111101111
111111111111111101111111111011101111101111111111011111111111111111111110111110111111111111111111111111111111111011101111111111101111111111111111101110101111111111111110011111111111111111111111111111111111111111110111111111111111111111111011011111111011111111011111111111101011111111111111100111111111
111111111111111111111111111011111101110111111111101111111111111111111111111111111111111011111111011111111111111111110111111111111110101111111111111111011110111110111111111111111111111111111111111101110111111001111111111111111111111111110110001111111111111111011111111111111111111111111011111011111111
111111111101111111110101111001011011111111010111111101111111111111111111101111111111111111111111111111111111011011111111111011111011110111111101011111111111011111111111110110111111110111111111111011101111111111111111111101111101111111111011111111111111111111110110111110101111011111111111111111111111
111111111111111111010011111111101111111111111111111101111111110111111111111101111111111111111101111111111111110011111111111111111111111111111110111101111111111111101111111111111011111111111111101111011111101111111111111011101111111111111111111111111111111111111111111111011111111111111111111101111101
111011111111111111111111111001111111111111111011111111111111111111111111111111111111110011111111111011111111111111101111111111110111111111011111111111111111111111111111111101111111111001111111111011101111111111110111011100101111111111111111111101110111111111111111111111111111111111010111111111100111
101111110111111100111111011111101110111111001001110111000011011110111111011001111011111110111111111111111111111111111111110111111111111111110011111111111111011111111111111100111111111111111111110100111111111101111101101111111111101110011110111101111011111111111110111110110111111111111110111011111111
110111101111110111110111111111111111111110111111111111110111111111111011111111111111111111110011101111111110111111010111111111101110111111111111011111111101111011111111111111111111111111111111111111011111111111111010111111111111111111011111111111111111101111111111111111111111111111011111111111111101
111101010011111111111111111111011111111111011111111111111111111111111111111111111111111111111111111111111111111111111111111111110011111101111110101111011111111111111111111011111101111101111111111111111111110011110111011111111111011111110111011111111111111110111110111101111110111101111111011111111111
111111111111111111101111111111111110111110101111111111101111110011111101101111111110111111111011111111111101011111111111111111101111111111111101111111111111111111111111011111110111111111111110111111110110110011011111111111111111111111111111111111111110111111111111011111111111011111100101111111111111
111110111111111111111111111111111111101111111111110111111111111111111111110111111111111111111111111111111111011111011101111111110111111111111111111111111111011111111110111111111101111111111111111111111111111111111111111111110111111011111111111011111111100111101111101111101111111111111111111101111110
111111111111111111111111110111110110111111011011111111111111111111110111110111111111111111101111111111111101111111111111111111111101110011111111111111100111111111101110011110110101111111111111111111111101111111111111011111111111111111010111111101111111111111111111011111110101110111111111001100101011
110111111111111111011111111111111011111111110111101101101111011111110111111111111111101111111111111111111110110101111111111110011101111111111111111101111111111111111111111110111111111111111101111101110111111111111111111111111111111111111110011111111111110011111110111111111011111011111111111111111111
111101111101111111111111111111111111111101111111111101111111110111110101110111111001111111111111111111110011111011111111111111110111111011111111111111111011111111110111111111001110110111111111111111111111111111111111111110111111111101111111101111111101011111111011111111111110111111011111111111111111
111101111111111011111111101111110011110011111111111111111111111111011111011111111111101111101111111111011111111111111111111111111110111111111111111111111111111110111011111011111111101111111111111111111111111111111110111111111111110111111111100111101111101111110111011010111111011111111111111111111111
001111110111111111111011111111111111111111111111100111011110111111110110111111111011111111110111111111111110011111111110101111011111111111111111111111111100111111111101111001111111111111011111111111111111111111111011100101111111111011111110011111111110111101111111011111111111110101111111110111110111
111111110111011111111111111111011101111111101111101111110011110111111111110111111111111111111010111111111111111111111111110111111111111101111101111111000111111111111111111111111110111111111101111110111011111111111111011111111010111111111111011111111111111111101111111111111111111110111111101111111011
111111101111111111101111111111111111111001111111111111010111111110111111111111111110111111111111111111111011111111111110111111011011111111101111111111101111111101011111001111111111111111111111111001111111111111111111111111111111111111011111110011111111111111111111111111111111110101111111111011101111
111111111111111011011011111110111101101111111111111111011111111111111100110011011111111111111101110111111111111010111111111111111011111111111111111110111111111111111111101110011101110011101111101111111111111111111111111111111111111111111111111111111111111111111101111111111111011110111111110111111011
111111111111111111111111111111110010111111111111011111111111101111111111111110111111111111111101111111111011111111111111111111111111111111101001111110111111111111111111111111111111111010111111110111111111111111111111110111111111111111111111111110111111111111111111111110110111111111111111111111111101
111111111111111111110101011110101111110111111111011111011111111111111111000110110110111110111111011111111111111101101111110111111111111111111111110111111011111101111111111111111111110011110111011111111111111111111111111101111111111111101001111110111111111111110111011011111100110111111111111111111111
111111111111011111111111101111111111111111111111111111111111111011111111111111111011101111111111111111111111111111100111111111111111111111111111111111111111111111110111111111110111011110111111111111110110111111111111111111111101110011111111110111101110111111110111101111110011100111111111011111011111
001111111111110110111111011111101111111101111011110111101011111111111111111111101111111111111111111111011110110011111101111111111111111111111101110111110111111111111111110111111111111111111111111111111111111110111111111111110111111111101111110111111111111110101110110011111111111110111111111111111111
111110101111101111111101111111111110111111101111111111111111111111110111111001011101111111111111111111110111111111111101111111111111111110111111101111111011111111101101111111111101111101111111111111111110111111111011011111111111111110111001111111111111111111111111101111111111111111111111111111111111
101100011100111100111111111111111111011111011111111111111111111110011011111111010111111111110111111111111111111101111011111111101111111111111111101111111011111111111110101111111111111111110111111111101111111111111111111111101011011110111111101111111111101111100111111101111111111110111111111111101101
111110101111111101011111111101111111111111111011111111111111111111111111001111111110101111111111111111111111111111110110111111111111111111111111111111111111110111111111111111111011111111111110111111111111111111111111111111111111111101111111110111111111111111111111111011111111111111111111111110101111
111111101111111111111111011111111111111011111111011111111111111111111111111111011111111111111111111111011111111111111111111111100111111111111011111011111111111110111111101111111111111110111111111111110101111011111110111111111111011110111111111111111111111111111110111111111111111111111111011111111011
111111111111011110111011111111110011111011111110111111111111111000111111111111111111101110111111111111111111011111110111111110111111111010101110101111101111111111111111111010111111111111111111111011111111111111111111111111111110111111101001111111111110011011110111111111011110111111111111111111111101
111111111111111111111111111111111111010111111111111010011111111111011111111111111111110111111111011111111111111111011111111111111111111110101111111010111111111111111100011101111111111111000110111111111011111111110111111110111111110111111111101110111011101111111111111111111111111111111111111111110101
111111111110111111111111011111101111111111111111100111111111111111111111111111111111101111101111111111111111111111011111011111010111111111111101111111111111101111111111111011111111111111111111110110111111111110111111011111111111111111111111111111110111110111011111111111011110101111111100110111111111
111001111111111111111011111001101111111111111111011111111111111111111111110011111111111111111111011111111111111111111011111111011111111111011111111111111110111111111111111111111111111111101010111101011110111111111111111111111111111111111111111111111111111111101011110111110110111111011111111111111110
101111111111111111111111101110110011111111111111111101111111111111101111001101110110111111111101110111111111111111110111111111111111011111111101111011111110111111110101111101111111111111111111111111111111110110111111111111111111111111111111111111111111101111011111111111011111111111110101111111110111
111110111111110101111111110111101111100111011111111111111111111111111101111111111111111111001111111111111111110111111011111111101111010111111010111011111111111111111111111110111110111111111110101111111111111011111101111111110111011111111111011111110011111110011011111111110111111111101111110111111111
111111111111111111111111111011111111111001111111111101111111111110011110100111111111111100111101111111111110111111111100111111111111111111111111111111111111101111111111111110111011111111111111111110111101111111111101110110110110101111111111111010111111011111101111111111111111100111111101111111111111
111111111111101111111111101111111111101111111101011111111101111110111111111111111111001111111111011111111110111111111111011111111110111110111111111111111110111111111111111111111111101111111111101111110111111101111111111111111110111111111111111011101111101110111111011111111111111111101011111101111111
111111111111111111111100111011111111110111111110111111111111001111111011101111111111101111101111111011111111111111110111111111101111111111111111111111111111111111111111111111111111111111111111111111111111111111111101111101111011111111111111010111111111111110011111111111111111011111111111111110111111
111011111111111111111111111111111111111111111111111111101111111111010110111110111001111111111111111111111111111111110111101110111111111101111111111101111011111111111101100110011111111111101111010110111111111111110111111111101111101110111111111111111111111111111011110111111111111111111011111111111111
111111111111111111011011111111011110111011111111111111111111110111111111111101111111111101111011101101111111111111111011111111111111111111111111111111111111111111110111110101111110111111111110111011111111111111011111111111111111111011111111111111111111011111010111111111111111011001111111111111110111
111111111111101111111101111001111111001111001111011001111111111111111111011011111111111100111111101111111001111111110100111111100011101110111111111101111111111101111111111111111111111110111111111111111111101111111111111111111111111111111111111111111111111111111111111111111111111111011110111111111111
111011011111110111011111101111111101011110111111111101111111111011110111111111111111111111111111111111111111111111111111110111110111111111111111111111111110111111101111101111111111111111110110111111111111011111110111111110111111111111111101111111111111110111111111111111111111111101011111111111111111
111111111111111111111111110101111111111111111110000111011111111111001111111111111001011111111111101111101111111111110111111101101111111111111111011111101111111111001111111111111111111111111111111110110111111111111111111110111111111110111111111111111101110111111011111111111110111111111111111111011111
111111111111111111111101111111111011111111111110011111111101111111111111110111111011110111111111111111111111111111111010011011011111111111011111111111111111111111101111110111111111111101111111111110111110111111111111110111111111111111111011111111111111111111111111111111101111111111111111111101110110
111111111111111111111111110111111111111111111111011111111110011111111111110111110111111111111111111111111111101111111110011111110111111011110101111111011111111111011111111111111111111111111111111111110111111111111111111111101011111011111110101110111011101111111101111111011011111111101110111111111111
111111111111011111111111110111111111111111111101101011111111110111111111101111111111101111110110111111111111111111101111111111111111111111111110110111111111111111111111110111111110101111111111111101111111111111011111101111111101111110111111111101111111111111111111111110110111101111111111111111111011
111101111111111111111111111111111110111101101111111111110111111111111111111111111111111111111111111111111111110111011111111111101111101110111101111101110110111111111111111111111111111111110111011111110110111101001111101111111111111111111111111111111111111101100011111111101101111011111111111111111110
111011110011111111111111111111111111111011111111111011111111111111011001001111101111111111111111111111101111111101111111111111111111111110101111111111110111111111111111011111111111101110110111111111111111011111111111111111111111111110001111111001111111110110111111111111111011111111101011111111111111
011111101111111101111011111011101111111111111111111101111111111111111111111111111111011111111111111111111001111110111111111011111101011111111111011111101111011111011111111111111111111111111111111111111111101111011111111111111101111110111111111111111111111101111111111111111111111110111110111101110111
111111111110111001111111111110111111111101101111111111111111111111111111110111111011111111111111111111111111111111111011011111111110111110111111111111111101111110111111111111111111110110111111111111111101101111111111111111111101101111100111011111111111111111111111111111111111111011111110111011111111
111101111111101111111111111111111110111111111110111111111111111111110111111101111110111110111011011111101011111101111111110011111101111111111111111111111101111111111111011110111111111111110111111111111111111111111111111111111011010111111111111111111111101111111111111111111111111111111111101111111111
111111111111011111111111111101101101111110111111111111111110111011110111111111111011111111111111111111101111111111111111111111111111110011111101011111101111111111111111111110011111111111111111111101011101111111111111111111111110111111111111111111111111111111111111110110011011111011111111111111111111
111110111110101111111111110111111111111111111111110011111111101111111111110111111111111111111111110111111111111111111111111111110111111111111111111111101111010110111111111111111011111111111111111011111111111111111111011111111110111111101110111111101111011111011111111111110111011111111111111111111011
101111111011011111111111111111111111111111111111110111111111101111111111111111110110111111111111111111111111111111111111111111111101111111101110111111111110111111111111111110110111111111111110111011111111111111111110111111110111111111101111011111111100111011111111111111111011111111111111111111111111
111111111111110011111111111110111110111111111111111011110111011111110110111111111111111110111111111111101111111111111111111111011111111101111111111011111111011111011111110111101111111111111111111111111111111111111111110111111111111111101111111111101111011111101110111111111111111111110111111111111101
111111111111111111111111111111111111110111111111110101111111111111111111111111111111101111111111111111111111111110011111111111111011110111111111111111111111101101111111111101111111011111111111111111111110111001111111101111111111111110111111011111111111111111111111010111010010111111111111101111111111
011111111111111111111111111101111111111111111001011111111111111111011101111101111111111111111111111010101111011111110100011110111111110101111101111101111111111111110111100110111111111111111111111111101111011111111111111111111010111101111111111101111110101111111111010111110111101011110110111111111011
011110111111111011111111101111111011111111111111111111101001111111111111111111111111111110101110101111111111111111111111111101101111111111111111110111110111111111111111110111111111011101011111111111011110111111101111111111101111111101111111111111111111111111111101110111111110111110111111111111111111
111011111111111111111111111111111011101111111111111111111110111101111111111111110111111111111111111111111110111111111011111111111110011111111111111101110111110101111011101111101110011111111111110111111111111111011110111111011111111111111111110111111101101111011101111101110111110110111110111111111111
111111111101111111111101111111101111011110110111010111111111111010111110110111111010010101111111111000111111111111111111111111111101111111111101011011111111111111111111111110111111011111111101111111110111111111101111111111111111111111110111111111111100111111110111111111111111011111111011100111111111
111111111111111111111111111111111110111111111111101111011111011011111111101111111111011111111111111011111111101011111111111101110111111111111111111110111111111101111001111110111111110111111111111110111111111101111111111111011111111111111111110001110111111111010111111111111111110111110011111110111011
111111111111111111001101101111101111011111110111101111111111111111111011111111111111011111001111111111110111101101111111111100010111111111111011111111011011111111111011111111111101110111111111111111101111111111101111111011111111110110111101111111111111111111011111111111111111111011111111111101110111
011111111011111101111110110111111111111010111111111111111111111111011111111111001111111111110111111111111101111111111111110111111101111111111111111011111111111011110111111111111111111111111111111111111110111011111011111111110111111111111111111111111110111011111111111111111111101100111111101111011110
011011111111111111111101111111111101111110111111101111011111111111111111111010111111111111111110111111111111110111111111111111111111111111111111011110111111111111111111111111101100110111111111111111111011101111101111011011111111111111111111010111111111111101111111101110101111111101111111100111111111
111111111110111111111011110111111111111111111111111110111111111111011111111111011111011111111011101111111111111111111111111111101111110100111011111111111111111111111110111110111101101111111110111111111111111111111111111011111011111111111111111011101011011111111111110111111111111111111101111111111111
111111111111111111111101011111111111111111111111111111111111111111110111111111111111111111101111111111111111111111111111111111111111100111110111111111111011111111111111111111111111111001111111111111111111111111111101111011111111111111111111111111111011110111111111101111111111111011101111111111111111
111101011111111111111111111100111100111111110111111111111111111111111111111111110111111111111111111011001111111011111111111111111101111111110010111110111111111111111111111111111011111101111111111011111111111111111111111111111101111111111111111111111111111111111011111111111111111111111111011111111111
111110111101111111111111111111101111111111111101111111111111111111111111111111111101111111111111111111111111111011111001111111111111111111111110111111111111111110011101111101011111111110111111111110111111101111111111011111111111101011111111111111111111101111110011111111111111011101111111110111111011
011111111111111111101101111111111111111110111111111111111111111111111111111111111001111111111111111011011011111101111111111111111111111111011011111111111011111111111111111111111111111101111111111111011111111111111111111110110111111101111110101111111111111011111111111111111010111111111111111011110111
011111110101111111111111110111111111111111111111111110011111111111111101111111111101111111111111101111111111111110111111111111011111111111111111111011111111111111110111110100111111110111111111111111111111001101111111111111101111111111101111111111111111111110111001111111111111111111111111111111011101
101111111111011101111111111101111111111111111111111101110111111111111111110111111111101111111111111111111111111111011110101111111111011111011011111101110111110111111111111101111110111111111111111111111001111111111110111111101111111111101111111111111111111111111110111111111101111111011111111111111111
110111111011111111111111101111111011111111111111111111111111111111111111111111111101001111111111011111111111111101111111110111110111111111011111111111101111111111111111101111101111110111111011011111111111011011111111111111111111111111111111111111111111111111111111111111111111101110111111111101111011
011111011111111111111111111111111101111111111111101111111111111111101111011111111011111111111111011111110111111001111111111111110111110111111111011111111111111111101111101111111111010101111110111111110011101111111111111101111001100110111111101111111111111111111111111111101110111101111111111111111111
011111110111111111111111111111111111111111101111111111111111010111111111111110111111111111111111111111111111111111111111111111011111111111111111111111111101111111111110101111111111111111111111111101011111111111111111110111111111111111111011111111111111111111111011011111111110111111011111001111111111
011111111111101111111111111111101111111111110111111101111111111111111111111011110111011111111111111111111111111101011111111111111111100010011110111101101111111101111110111111111111111111110110111111111111111111011111111101111011111111111011111111111101111111111111101111111111011011111111111010111011
111011111111111011111111111111101111111101111111011111110111111111110101111111110010111111111111111111110111101111111111111111111111110111111001001101111111111111111111111111100111111111111111111111111011111111111111111111110111111111111111111111111111111101111011101111101111101111111111111111111111
110111111111111111101111111110110111101110111111101001111111010111111111111111100111101111111111110111111101111111101011110111111110111111111111111110110101111111101111111111111111111111110111111111111111110111101111111111111111011111111111111111011111111111101101110101111111111111111110101111111001
111111111100111111011011111110111110111001111111111111111111011111111101111111111111111001101011110101011111101111111111111111111111111111011111111111111111111111111101111111111111101110111111110101011111111111111111110111111101111011111111111111101111111111111111011111111111110111111111111111111111
111111111111111111011111111101111111111111111111111111111111011111101110111111101111111111111100111111111011111111011101111111111011111111111111111111011111111111111001111011111111111011111101111111111100111110111111011011111111111111111011111111111111111111111111111111111011111111111111111111101111
111111001111101111111001111111111111011111111111111111110111111111011111111111011111110101111111111111111111111110111011111111111111111011111111111111111111111111111111111111001111111111110111110111011110111111001100111111111111101110011111111111111111111111110111111011111111011111111111111111011111
110111111111111011111111111111111011111101111011011111111111101111111111111011111111111111111111101111111011111011010111111111110101111111111111111011111111011111111111110111011111111111101011010111111010010111110111111110101111111110111111111011111111111111111111111111011111111111111111111111111110
111110111111111111111111011111111111111111100111111101101110011111111110111111111111111111111111111111111111111110011111111111111111111111001111111111111111111111111111111111111111111111110111111111111100111111111110111111111111111111111111111111111111110111011110111111111111011011111111111111001101
111111111111111111111111011111111101111111011111111110111101111110111111111011111111011111111111111111111111111111111111111111111111111111111110111111111111111111011111111111111111111011111111011110111111101111111111111110110011101110011111111111010111111111111110111111111111111111111111110111111111
111011111011111011110111111111111111101111110111110111111111111000111111111111111111010111111101111111111111111111111111110111111101111110101111111111101111111101111111111001111111111110110110111111111111111111111111111111111111111111101111111111110111111111111110111111111111111111101111111111111110
011110111110110111111111111110111011111111111111111111111101110111111111111111111111111010011111110111111111111111110111111111111111110011111111110111111111111111011111111111111111111111011011111011111111111111110111111111111111111110111111111111111111011111110111111111011111111111111111111111011011
111111111111111111111111111110110111111111111111111111111111111111111101111111110111111111111111111101111111101111111111111101111111111111111111111111110111111111011111111111111111110111111111101111111111111111111011111101101001111111011111111101111111111111110111111111011011111111111101111010111111
111111101111111111111011111111111111111111111110111111110101011111111111111111111111110111111111111111111111111111111111110111111111111111111111111111011011111100111111111111101101111111111101111111111101111111101111111111101111011111111111111111111111111111111110111111111111111101111111111110111111
111101111011111111111111111111111111110111111111111111111111111111111111111111111111111111111010111011110101111111001111111111111111011111111101111111111010111111110111101011111111110111111111111111111111111111101111111111111111111111111111101111111101111111101111111011111111111111111111111011111111
111111111111111111111110111111111001111011011011111111111111111111111111111111111111111011111111111111111111111111111111111011111111111111101111111111110111110111011111101101111111111111011111111111111111101111100111111111111011111111110111111111111111111110111111111101111110111111111111111111111111
111111111111111111111011101111101111101110111111111111111111111111111011100111011011100111111111111111101111111110111111111111111111111111101111111111111111111111111111111101111111111011110111111111111111101111111111101111011101011111111111101111111111011101111111011111111111111111111111111111111111
111110111111001111111111001100111111010111111111010110111111101111111110111101111011111111111111111111111111111111111111111111111011111110011111110111111111010110111111011011111101111111101111111111111101011111111111011111111111111111111111111111111110111111001011111111111011111100001010111111111011
111111111111101011111110011111111111111111111111111110111111011111111111111110111011101111111111101111111111111111111111111110101111111011111111111111111111111110111111111101111111111111111101111111111101111111111101111111111111110111101111111111111111011111111111110111001111111111111111011111111111
001111111111101111111111111111111101111101111111111111111111111111110111111111111111111111111111110111111111111111101110111011101111111111111111111101111111011111111111111111011101111111111111111111111011111111111111111101111111111111111111111101111111111111111111101110110111111111111111101001111111
100111011011111111101111111111111111111110111111011111111110111111101111111111111111011101111110111111111111111101111011101111111111111111111111111111011111110111101111010111101111111111111111111111110111111111111111111111111110111111111111111111110111011111111111111111111111111111111111011111110111
011111111111111111111111110101111111111111111101111111111111111111111101111111111111011110111111111111101110111111111111111101111111111111111111111100111111111111111111111111101111110111111111111011111110011110111101011111111111111111111111100111101111111101111111111111111111111111111111111011100111
111111110111111111111111111101111111111111111111111111110111110111101111111110010111100111101111111111101111111111111011111101110111111101111111110010011111111101101111111111111111111111111111111111111111111111100111111111011111111111110110101011110011101110011111111111111111111111111111011001111111
111100111111111111111111111111111111111111111110111111111111110101111111111111111011111110111101011111010111111111111111111111111111111011101111111111111111111111110111011111111111111111111111101111111111101001111111111111111011111111101111111111111111111111111111100111111111111111110111111111111111
111011111110101111101111101011111111111110111111111111011111111111111111110101111110111111111111111111101011011110110110111111111111101111111111101111110111011110111111111111111111111111111111010111111111011011011100111111111011111111111111111011011111111111111111101111111111111101111111111111111101
111111111111111110111111111111101111011111111111111111100111101111111101111111111111111111011101111111111011111111111111111111101111101111111110110111101110111111111111110100111111110111111111111111011101111111111111111111111111111111111111111111011111111101111101111011111111111101111111100111011110
111101111111111111111101111111111111111110111111111111111111011101111111101111111011111101111111111111011111011111111110111111101111111111111011011111111111111111111111011111111111111111111111111111111111110111111111111111111111101011111111111011111111111111111111111111011111111111111110011011111111
111111111110111110111110111110111111101110101011111111101101111001111111101111111011111111111110111101111111111111011111111111111111111111111111111111111111111111111111111111111111111011111111111111111011111111111111111111111110110111111111111111111101111011011111111111110111001110111111111111101001
111110011111011111111111111011111111111111111111111101111111111111111111111111111101111111111111111111111111001111111111111111011101111111111111111111111111111011110111111110111111111111111111111111111111110111101110111111111111111111101111101111111101111111111111011111111111111111011111111111111110
111111101101111011111111111011111111111111111111111101110110111111110111111111111111111101111111010111111111011111111001101110111001111110001111101110111111101111111111111010111111111110111111111110101111111111111111111011111111111111111111111111011101111110110011011111101111011110101111111111111111
110111101111111111111111111111111111111111101101011100110001111111111111111111110111111011111111111111111101101111111111111111011111111111111111111111110111111010011111111111101111111101111101111111111111111011111011111011111111111111111111110111111111111111111111111111111110110111111110111111111111
111101111110111111011111111111111111101111111111111111110011111110111111111110100111111111101110111111101011111111011111011111001111111101111011101111111111111111111111101111111111111111111111111011111110111111011111111111011011111111111111111111111011111111111111111011111101111111011111111111111111
111101111111111111111111111111101111111111111111110110110111011111111111111111111111111110111111101011111111111111111101111001011111111111111111111111011110110111111111111101111111101111111111111111111111111111111111111011110111011110111111111111011111111111111111111111111111111111111111111111111111
111011111101111111111011001111111111101111110111111111111111110111111111111111111011111111111111111111111111111111111111101111111111111111111111111111111010111011111111110101111111111111101111111111111010101111111111111111111110110111111111010111111111101111011001111111111111000111101111111111111111
110101111110110111101111111110111011110111011010111111111011111111101101110101111111111111111101111111111110111111111111110111111111111101111111111111111111111111111111111101111111111111111111111111111111111111111111111101111111111011111111111110111111111111111111111110111111101110110110111111111110
111110111101111111011111011111111111111111111111101101111111111111111111111111111111101111111110111111111111111111111111111111111110011111011111111111111111111111111111001111111110111111111111011111111111111111010111111111111111111111111111011111111010111101101111111111011111111100111111111111111111
111111111011111111111111011111111111111110111111111111111011111111010110111111110001101111111111110111111111111111111111111111111111011111111011111110111111111111100111111110111111111111111111011111100110111101101111111111011111111111111110111111011011111101111111111111011111111111111110111111111111
011111111111111111010011111111111110111111111111111111010111111111111111111011111111111111111111111111111110111011100111111111111111111100111111011111111111111111111111111111111111111111111101111111111111111111111101111111111110010111110111101111111111111111111111011011011111111111011111101110101111
110111111111111111101110111111111011111111111101101111101111111111111111111111111110011111111111111111101111111111111111110111111111101110111111111111101110101110111111111111101111110011101111111110111111111111111111111111011111111111101111111111111111111110111111111111111111110111111111011011111111
111111111001111111111111111111111111111101111110111110111111111111111110111111101111111111111111101011111111110100111111111111111111101111011111111111111111111110111111101111101111111111011111111110111111101101111111111111111111111011111111101011111111100111011100111111111111011111111111111111111110
111111111111111111111101111111111111111111110011110111111111111111111111111111111111111111011111111110111011011101111111011111111110101111001111111111111111111111011111111111111111111101110111011111110111111111111111001111111111111111011111111111101111111111110111111101111111011111011111111111111111
111111011111111110111111111111101011111110111110111110111111111011111011010011111111111111110111111011111111110111011111111111110111111110011011111111111111111111101101110111111111111111111111111110111111011001011111111111111101110110111111011111111111111111111111111101111111111111111111111001111111
111111011101111111111111101111111011111110101111111111110111111111111111111111111111111111111111111111111111111111111111111111111110111111111101111111111111111111111111111111111111111011111111111110101111111111011110110111111111111111111111111011011111111111111110110111111111011111111111111111111111
111100110110111101111111111111111111111111111111111110111111111111111111111010111111111111111111011111111111111111111111111111111111111110111111111110110111111111111111111110110111111110111111111111110111110111111111111111011111011111111111111111111111111111111011111111111011111111011111111011111111
111111111111111110111110011111111111111111101111110111111111110011111111111111101111110111111110111111111111011111111111111111111111110111111111111111111111110111111111111011110111111111111111111111111111100110111111111111110110111111111101111111111111110111101111111111111111111111111111111111011101
111111111111111111111111111101111111111111111111111111111111111111111111011111111111111111111111101111011111011111111111111111111111111111101111111111101110111111011110111111111111111111111111111110111111011111011111111111111101111111111101111111110011010111010111111101111101111101011111011111111111
101111110111111101111111111111111111111111111110111111111111111111111111111111111111101111111110111110111111111111101111011111111111100111101111111111111111111111111111111111111111101011111111111111111111101111110111110111111011111111111111101111111111010111111110111111111111111111111111111111111111
011111111110110111101111111111111111111111111100111100111111111111111111111111111111111111101111111111111111111111111111111111111111111111111111111111101111111110111111111111111111101111111111111111011101101111110111111011111111111111111110111101111111110100111111101111111011101111101111101111111110
110111111111011111111111111111111111111110110101111111111111111111011111101111111111011110111111101110111111111111111111111111011110111111011111111111111111111111111111111111110111111011111111111010011110111111111111111111111111111111111111111001111111111111111101110111111111111110111011111110111111
111111111111111111111111111111111011111110111111001111111111010111111111111011101111111111111111111011110101111111111110110111111111111111010111111111111111111111111111111110011111101111111111111111111111111111111101111110111111111011001101101011111111011111111111111111111011111011111111111111111111
101111111111001111111111111111111110111110111111111111111011101111111111111111111111111111111111101111101111111111111111111111111111111111111111111011111101111111111111110010111111111111111111110111110111110111111111111111111111111111111111101111111011101111101111111011111111110111011111110111100101
101111111111001111111111111111111111111111111110111111111101111111011011100111111110111111111111111111111111011011010110110111111101111111111111111111111111011101101001111111111111111111111111101101110111010111101111111111111111111111111111111100111111111011111111111111111011111111111111111111110111
111110111111110111011011111111011111111111111111111111111011111111111111111110111111101111111011111111110101111110111111111111111111111111111111011111111111111111111111011110111111111111111111111111100111101111111111111101111111111111111111111111111011111111111111111111011111111111111111111101111111
111111111111111110111111110111111111111100111111111111111110111111111111011111001011111011111111111110111111110111101111111111111111011111110111011111111101111111111111111111111111111111101101111111111011111111101111111111111111111111111110111111110111111111111111101101011111111111111111111111111101
101111011111011101111111111111111101111111110111111111011111111111111110111111111111011111111111111011111111111111111111111101111111111101111111110111111111111111111111111101111110111111111111111111111111101111110111111111110111111110111011111101111111111111111111111111101111111111111011111111011111
100011111111110111111111111111111111111111101111111111101111111110101111111111101111110111011111111111111111111111101111111111111111100111111101111101111111111111110111010111111010111110111110111110111111111111111111111111110110101011111111111011111111111111111111110111111111110111011111111101111111
111111111101110111011111111111111111100101111111111111111111111111111101111111111011111111010111011110110111011011111110111011111011111111101011111111111111111111100111110111111111111011111111111111111101111111011111111111111011111101111111111111011111111111111011011111111111111111111111111111110111
010111111111111011111111111110111111111111111111111111111111110111111111111110111011111011111111111111111111101111111111111111111111111111111111101111110111111111111111111111101111111111110111111111111110111111111011111111111011111110011111111110111111111111110111011111110111001111111111101111011111
111111111111111111111111101111101111101011110111111111011111111111111111111111111011011111110111110011111101101110111111111111111110101110101011111111111111111010111111111111111111111111111111111111111111111111110111111111101111111111111111101100101111111111011011111101011111101111101111111111111110
111111101111111111011111110111111111111111011111111111111111011111100101110101111111111111111111111011111111111111111111111111111110111111101111111111111111111111101111111111111111111111111111111111111110111111111111111111111101111111101111111111111111101011111111111111111011111111111111111101111111
111111111111111111111111111011111111111111011111101111111111111111111111101111111111101111101111111011011011011111011111111101111111111110111111111111111111111011111111110111111111011111111111111111111110111111111111111111111111111111111011111111111110110111111111111111111111111111111101111011111101
111111100011100111111111111011111111111111111011111111111111111111111111111111101111111111011111111111111101111111111011101111001110011011111111111111111101111111111111111111111111110101111111101111011111111111111110111111111011110111111111101111111111111101111111111111110111110111101111100111110111
110110111111011111111111111101111111111111111111110111111111111111111111111111111111011101111111111101111110110110111111111011111111011111101111111110101111110111111111111101111111111111111111111111111111111111111101111111111111111111111111111111111010101111111011111111111111111111011111111110011010
101111111111110111111101111111111111111111111101011111111111101110111111111111111001111111111111011111111111101111111111111110101111011111000011111111100111111111111011111111111011101111111111111111111111111110111111111111111011111111111111111111111111100101110111111111111111111111111111111111111111
110111111011111111101111111111110111111111111111111111111111111111110011111111111111111111101111111111111111111011111110111111111101111111111011111111111111111111111111111111111111111111111111111111111111111111111110111111111111011111111111111111111110110111110111011111011111001111111111111111111111
101111101111111111111111011111111111111110111111111111011111111011111111111111111111111101111111111111011111111111111111111111011111110111101111110101011111111101111111111111111111111110111111111111111111111111111111101111111111111111111101111111111111111111111111011101110111110111111111011111111011
111011111111111111110110111111111111111111110111111111110111111110111011111111111110110101111101111111111111111111111111011111111111101111111110111011110011111111011111111111111111111111111111111111011111111111111111111111110111011111111111111111111111111111111111101111110111111111111110110111111111
111111111111111111111111111111111111111111110111111111111110111111111111111111111111110111101011101111111111111110111111111111111111111111111111111111101111111111101111110110111101111111011111111111111111111111111111111111011111111011111101111111111111111111111111111111111111111111011111111111111111
111110111011111111110111111111111111101111111111111010110111101111111111011111111111110111111111011111110111111111111011111111111111111111111011111111111110111111111100111111011111111110111111111111111111101111111111101110111111011110101110111101111111110110111011111111111111111111111111111111111011
111111111111111111111111011000110011111111101110111111111111111101101111101111100111011111111111111101111111111111111101111111011111111111111111011111111111110111111111110111111111111111011110111111101110110110111111101111011111111111111101111111111111111101111111111111110111111111111111011111101111
111110111111111111111111111110111111011111111111111111111111111011111111111111101111111111111111111111111111111011111110111111001011111111111111111111111101111111111111111111111101111101111111111111111111111111111011011111111111111111011111111111111111111111111111111111111111011101111111111101101100
111111111111111111111111111110101111101111111111111110111111111011111111111111111111101111111111111111111111111111111111111101111111111110111111111111111011111111110111111111111111111011111111111111111111101111111101111111110111111111111111111111110111101111111111111111111111111111110111110111111111
111011101101011111110111011111111111111111111111111111100111111111111111000110111001111111101111111111111111111111111111101111111111101111111111111111111111111111011011111111111011111111111110111111111111111111001111111111111111111110111101111111111011010111011111111111111100111111111111111111111111
111111111111011111111111111111110111111111011111111101111100111111111111111111111111110111111111111111111111111111111111110111101111111111111111101111111110111111111111010111111101111111111111111110111111111111111111111110111101111111111111111111111101101101111111111111111111111111110111110110111111
111110111111111111111111111111111111101111110111111100111111111111111111111111111111110111011111101111101111111010111110011011111111111111111011111111111111111110111111001111111111111111101110101111011110111111111111011111110110111111111110110111111111101111111011111011111111101111111111111111111111
111111111111111101111110111011111011111111111111111101111111111111111111110111011111101111111111111111111111111110110111111111111001111111101101111011111111111111111111011111111111111111111111100111111100011111111110111111111111111111110111111101111111111111111011111111110111011111111111111111111110
111111111111011111111111111111111111111111111111011111111111101101111101110111011111111111101111111111111101101111100111111111111111111111110111111111110110111011111111111111111111111111111111111111110101111111111111011111110111111111111111101110111101110011110111110011110111101011101011111110111111
111001111010111111111111001111100110111110101111111111111111111111111111111111111111111111111101111110111111111111111110110111011111111111110101111101110111110101101111111111111011101101111111101011111111101111111011111110111010111111111111111011111111011111111111111110111011111111111111111111111111
111111111111110111111101111111111111011111111111111111111111111111111111111111111111101111111110101111111111111111111110111111111111101111111111111111111111111111110111111111101111110111111110101101111011111111111111111111111111110111111111111111011111111111111111111111101011101111110111111111111111
110110111111111111110111111111011111111111111110111111111101111111111111111111101011111111111111111111111111011101110111111111111111111111111111111111111111111111111111111111110111111111111111111111011111111011111111111100111111111111111101111111111111111111111111111111111011111111111111111111111111
111111111111111111111111111111111101111111111111111110101111111111111011110011111110111111111111111110110111111111111111110111111101111001111111111111011111111111111101011011111101111111111111111111111101111111111111110111001001111101111111011110111111011110111111111111110011111011101111111111111111
111111111111111111111101101111111010111111111110111111111101011111111111111110111111011111111111110111111111111101111111111111111111111110111111111111111111111111101010111111110111111111111111101011111111001110111111110111111111110111111111111111111111111111111111111111111111111111111111011100011111
111111111111111111111111110101101111110101111111111111111111111010111111111110111111100111111101111111101110111111111111111001111111111111111111111111111111111011111111111111111111111011111110111111110111111011111101111111111010111011111111111111111111101111110101111111110111111111101000111011111111
111111110111111111111111111110111111011111111110111011111111111111111111111111110111111111111111111111001111111111011111111111111111111111111111111111111101111101111111111111111111111111101111111110111111111011111111111111111111111111111111011111111110111101111111111111111111111111111111111111111111
111111010111111111111110111111111111110011111111111111111101111111101111111011111111111111011111111011111111111101111101111111111111111110011111101111111011111111111111111010111111111111111111110011111110111111111111111111111110111111110111101111111111111111011111111111111101111111111110011111111111
111111111111101111111111101100100110011111101111100111111110111111111111111011111111111011111111111111111111111111111111111111111111111111111111111101111101101111111111111101111111110111111111101110111111110100101101111111111111111111111111111111111101111110111101111111111111111111111110111111101111
011111111101111111111111111111101101101111111111111111111111011101111111110111111101111111111111111111011111110111011101111111111111011111111111111111111111111011111111011111111110111111011111111111111111111111101111111101111101111111111101111111111111111111011111111111111111001011111010111111111110
011111101111111111111111111111110111110111111111111111101111111011110111111111111101011100111111111111101111111111111111111111111111111110100111111111110111111111011111111111011111111111111111011111111111111101111011101011111111111110111101111111111111101010111111111011101111111101101111101111111111
101111111111111111010111111111110100111111101111111111111111111111110111110111111111111111011111110111111111111111111111111111100111111111111111111111111111111111111111110111111111111011111111111111101100111011001110011111011111111111011110111111111111011111111110001111110111111111110111111101001111
001101111011111111111111111111110111111111111111111111110111111111111011111110101111110110111111111111111111111011111011111111011111110111111111111111111111111111111111111111111011111111111111110111111111111111111111111111111101111110111101111101101111111011111111111011111111111111111111111111111111
111101111111111111111111111101111111111111111111101111111111101011111011101111111111111110111111101111111111111111111111111111111111111111111111111111111111111111111111111111111111110011111111111111011111111111011110111111101111111111111111110111111111111111101111101111111111111111110111111111111111
110111111111111011111111101111111111111111111101011111111111111101111111111011111111111111110111111111111011111111111111111111111101101111111111111111110111011011110111111101111111111111111111111111101111111111111101111111111111111111111111111111111111111111110111110011111111111101111111111111111111
111111011111111111111101111111111011111111111111110111110111011111111111111111010101111111110111110111101111111111110111100111110111011111111111011111110111111110111111011111111111111111111111111111011111101111010101111111111111110110111111111111101111101111111101111111111110111111111110111101111111
111111111111111111111111110111111110111111111101111111111011111111111111111111111110111111111111111111111001011111111011111111111111111111111111111111110111111111111111111101111111101111111111111101011111111111111101111111111101111111111111111111011010011111111111111111111111111111011111111111011111
111111111111111110110111111101111111101111011111111111111111110111111111110111111101111111111111110111111111111111111111101111110011001111111111101111111111111111111101111111111111111100111110111111111111111111111111111111111101111111111111111110111011111111111111101101111011111111111111111101111011
111111111111111111111110111101111111111110111111111111111111111101111111111111011111110011110111111111111111110111101111111111111111111110111111111111011111111111111111111111111110111111101111111111011110111111110111111111011111111111011111111111101111111100111111111111111101111111111100110111111111
110011111111011111111111111111111111111111011111111111011111110111111111111111011011011110111111110111111110111111111011111100111111100111010011111111111111111111111101111111111111111111101110011111111101111111111111111111111111111111111111111111110110111101111111111111110111101111111111111101111111
010111111111111111111111111111111111011111110111011111110111011111111111111111110111111111111110111111111111111110111111111110111110111111110111111111111111111111111011111111101111111111111111111110011111101111111111111111111111111111111110111110001111111111111011111111111100111111111111111110110110
011110111111111111111111111110111111111111111101111111111111111001111110111111101111110111110110011111101011111111110111111111111110110111111111111111111011011111111110111101111111111111111111111110111111111111110010111101110111111010111111111111111111111110111111111111111011111111111101111111011111
111111111111111111111111111111111111111111111111111011111111101010111111111111111111111111111101111111111111110111111111111101111111111110111111111110111111111111111111110111111111111111111111110011011101111111110111111111111111011111111111111111111111111111111111011111111101111011111110111111111111
111011111110111011111111111111111111111110101111101111111111111110111111111111101111111111111111110111111111011111111111111101111001111100111101111111111111101001111111111111110111111111101011111110111111111101111111111111011101111111111111011111111111111111101111111111111111111111111111111111111111
111011111111101111101111111110111111110111111111110111111111111111101111111111111111011101101111111111111111111111111111111111111111111111111111111011111111111011110111110111110111111111111111111111111111111111111101111111011111111111111100101111111111111111110111111110111111111111111111111011111110
111111111111111111111111111101111111100111111111111101111111110110011111101011011111111111111110111111111111111111111111111111111111111111111111011100111111111111111111101111111110111111111111101111001111011111111111111011111011111110111110111111111111111111101111101111111111111111011111111111111111
111111101101111111111111111101111111001111001110110111110111111111111111111011111101111111111111111111111110111110111111110111111111111111111111111111111111111111111111011101111111100010011111111111011001111111111111111111111111111011110110011111111111111111111110111111111111111111111111111111111111
111111111101111111101111111111111110110111011111111111111110111111111111110111111111110111110111110111111011011011010101111111111111110111001110111111111111111111110011111111111011011011110111111111111111111111111110111101111111111111111111111111011110111101111011111111111111111111111101111111111110
111111111111111111100111111111111111111111111111011111111010111111111111111111111101111111111111111011111111111111111111111111011111111111101111111001111111111111101111111111110111101111111111111111111111111111111111111111111111111111111111111111111111101111111110111101111110111111111111111111111111
111111111011111111111111111111111101011111111111111111111111111111111101111110110111100111011111111111101111111111111111111111101111111010011111111111111111111111111101011111101111111110101011111111111111110111110111110111111101101110111011010111111110101101111010111110011111111111111111011011111111
111111111101110011011111111110111110111111111111110111111111111101111111101111111100111111111111111111111011111111111111111111111111101101110111111111111101111111111101111111111111111111111011111111111111111111110111111101101011110011011110111011111111111111111111111111111011011111111111111111011111
111001110111111010111111111111111111111111111111111111111011111111110111111111111101111111110111111111111111111111111101111111111101111001111111111011111111111111111111111111110101111111111111111111110111111111111111011111011111101111110111011001111110111111111111110110111111111111111111111111111111
111111111111111111011111111111110101111111111011111111110111111111110110111111111111111111011101111111011111111111111111111011111111111111111111111111111111111111101111101111111111111111111110111011110111111101010110111111111110011111111111111111111101111000101111011111111001101111111111111111111111
011111111101011111111110111010111111111111111111111111101111011111011111101101111111111101111111111111111011111111111111111111111110111101111111111111111110111111111111111111110111111111111111110110101101011111111111111111111111011110111111100110101111111111111111111111111110111101111111101111111111
111111111101111111111111111111111111011111011110111110111111111111111111111111111101111111011111111111111111111101111111101111111111111110111111111111111111111110111011110101111111110111111111111101111111111111111111111111111111111111111111011111100111111111111111111111011111111111111111111111111111
111111111101111110111111111111111101111111111111011111111111111111111111111111100111111111111111111111111101110111111111111101011110111111110111111111111111111111111000111110111111111011111111111011111011111111111111110111111011111111111111111111111111101111111110111011111111111011111110100111111111
111111101111111111111111111111011111111111111110011111101111111111111101111111111111111111111111101110111111111111111111111111111111111001111111111111011111111111111111111111101110111111111111101111111111111111111111111111111101111101111111111111101111111111111111111100111111111011111111111111111111
011111111111111111111111110111110111111111111111111110111010011111111111011111111111111111111111011110111111011100111111111111011111111111111110111111111111111111101011111011111111111111111101111111011111111100110111111111111111110111111111111111000111110111111101111111111111111111101111011111111011
101111111110111011100111011110111001111111111111111111111111111111110111010111111110111100111111111111111110111111111111111111111011111111111111111111111111111111101111101111111110111111101111111111111111111111111110011111110111111111110111111110111111111111101111101101110111011111111011111111111111
111100011111111111111111111110011111111100110111111111111111111111111111111111111111111111111111111111111111011110111111111111101111111111111011111100111111111111111111111111111111111010111111111110111111111111111011001111011111111111111111111101111111111111111111111101011101111111111111111111111111
111111101111111111111111111111111111111111111111110101001111101100011111101111111011111111111111111110100111011010111111111111111110111111110111011111111111111111111101111111011111111111111111111111101011111111111111111111111110110111111101111111111111110111111111111011111111011110011111111111111111
111110011111111111111111011101111110111111110111111111111111011111111111011111110111111111111111111111111111111101111111111011011111111111111011111111101111111111111111111111111110111011111111111111111110111011111111111111111111110011111111111111110111011111111111111111111111111111011111111111111111
111111111111011111111011111111001111111111111111111111011111111111001111110111111111111111111111111111011111100111111111111111110111111111111111111101111111111110011111111111111101111011111111101111111111111111111101111111111111111111111111111111111111111101111110101111111110111111011111101111111111
111101111111111111111111111111111111111011111110111111110111111100110111111111111101110111111111110011111111111111111111111111111111110110111111101111111111111111111110101111111111011011111111110111111111111111111111111111111110111111001011011011110111111111111111001111110011111011111111111111111110
111111110111111101110111101111011111101111111110111111111111101111111111011111111111111111111111111111101111111111111111101111111101101111111111101110111111111111101111111101110111101110111111111111101111111011111011111111111111111111111111111111111111111111111111111111111111111011111111111111111111
111111111111111111111111011111111111011111111111111111111111111110111111101101111111101011111111111111111111111111111111111111111011111101001111111101111111111111111110111111111111111111011001111111111111111111111111111111110111111111111111111110111111111111111111111111011101111111111111111111111111
111111111111111111111111111111111111111111111110111011111111111111111101011111111111111011101011111111011011111011111111111111111101111111110111111111111111111111111111111111111111111111111111111111111111111111010111111111111111111111110111111111011111111111111111111110110101101111011101111110011111
110111111111111111111111111111111111111110111111111110111010111110111111111111111111111111111111111111111111111101111111111111111111111111111111111111011111111111111111111111111011110111111111111111011111101111111111110111111111111111111111111111100111111111111111101101101111111111111110111111111111
111111111101111001111111111111111111111111111111111111111111111111001101111111011111111111111111011011101101111110011111111101111111111111111111111111011111111111111111111101111001111110011111111111111111111111110111111111111110111101011011111111111111111111111111111001111111111101111011111101111101
111111111011111111111111101011111111111111111111111111111111011010111111111101101111111111111111011111111101111111111111111111111111111111110111111111111111111111110111111111101111111111011011101111111101111111011111111110111111101111111111111111111111111111111110111101111110111111111111110110111011
101111101111111111111111111111001111111111111111111111111100111111111111101111111111111111111111111011111111111111110111111111111111111111111111111111111111111111101111111111110111111111111011111111101111111110111110110111111111111111101011011110111101011111010111111111110111111110111111111111111111
101110111111011111111111111110111111111111111111110111111101111111111111110111110011111100111101111111010111101111111111111111101111111111101111111110111111111111111111111111101111111011111111111101111111111101011111111111111111111101111111110111101111111100111111101111111111111101111101011111110111
110111111111010111111111111111111111110111111111000111111101110111111111110111011111111111111111111111011111101111111101111110111111111111111110101111101111111111001011111110111111111111111111111111111111101111011111111111100111111111101111111111011110111111111111111111111111111111111101101111011011
111111111111111101111011111111101101111101111111111111101011110111111111111110111111011111111111111001111111111111111111011111111111011101011111111101111101111111111111101110111111111111111111101111111111111111111111111111111111101111011111111111111111111100111111111110011111111110111111111111110101
110111111111111111111111001111111110111111111011110111111111101111110110111111101011111111100111101100111111111111111111111111011111111111111111111111111111111111110111111110110111111111111111100111111111111111111111111111111111101111110111011111111100111111111111101111111011011111110111011111111111
101111111111111110011111111111110110111111111111111111111011111111111111011111111111001111111111110111111111110111111111111111101111111111101111111111011110111111111111011111111111011111011111111111111111010111111101111111111111111111111111101111111101111100110111111111111111111011111011111111111101
111111111111111111111110111110111111111111101111111101011111111111111111111111111111111111111111111111111111111111011111111111011110111111011111011110111101111111111011111111111111111111111111111111111111110111111111101111111111100111111111111101111111111111111111111111111111111111111101001111111111
111111110111110111111101111111111111111111111101111111111001111111111111111111011111111111111011110111111111101111111111111010111111111111111110111111111111111111111111111111111111111111111111111011111111111111111111111111111111111111111111111111011111111111111111111111111111101111111111111111111111
111111111111111111111110111111110101100111111101111110111111011111110111111111101111111111111111010111101111110111001011110111111011111111111111111111111101011111111111111100111111111111111111111110101110111111110011111011111111111111111111111111111111111111111111111111111110111111111111011111111110
111111111111111110111111111101111111111111110111111110101111111110110111111111111111111111111111111110111111111100111111111101110111011011111111111110101111110111110011110111011111111111111111111101111110111111111111111110111111111111111011111111111111111111111111111111111111111111111101111111111111
101111111111111111111111111011011111111111111111111111111011111111111101111111110111111111111111101111111111111111110111111110111011011111111110111111111111011111111111111010111111011111111111111011111111101111111111111111111111111111111111111011111011111111111101111111111111111111111111111011111011
110111111101111111111111111111111111111111110111111111111111111110111111110111111111110001101111111101101100111110111111111001110111111111111111111111111111111110111111111111111011111111011111011111111110111111010111111111111111110111111111111111111111111111111110111111111111011111111111011111111111
111111111111111111110111111111111111111111111111011111111111111111111111111111111111101111111111111111011101111111111011111111101111101111111111101111111111101110111111111111111111111011111111011111111111111110111111111111111111111111111111111101111111111111011111111111111101111111111111111011111111
111111110111111111111111111111011111111111110111111111110111101111111011111011111011111111111111111111111011011110111111111111111110111111111111111111111111111111111111111111111111111110111011111111111111111111111111111111111111111010101101111111110101111111011111111111111111111011111110101111111111
101110011111101111101110111101111101111111101111111100111111011111111111111101111011111110111111011111111111111111111111111111111011111011111111110111111110110111111111111111111111111011101111110011111111110111111011111111111111111111111011101111111111111111011110111111111111110111111111111111110111
111111011111110111111011111111111011111111101111011111110111111111111111111101110111111011111111111111110111110111111111111111111111111111111111111111111111111111111111111111101111111111111011111111111111101111111111111111111111110111111111011110111111101110111111101111111101011100101111110111111101
101111111111111101111111110010111101111111111011010111011111111111111111011111111111111011111111011111101111111111111101111111111111111111111011111111111111011111111111111111111111001110111111111101011111101001111101111101111111111111011111111111111101111111111111111111111111011111111111110011011111
111101111101111111111110111111101111011111111111101111111110111110111111111111111111111111101111111011110111111111111111101111111111111011111111101111111111111111111011111111111111111011111111111111111111111111110010011111111111111111011111110111111111111111011011111111111011111111111101011111111110
011111110111111111110111110111011011111011111111111111011111111111111011111011111111111101111111101111011111111111111111111111110111111111111111011111111111111111111111111111111110111101111111101111111111011101101111111111111110111111101111101111111111111111111111111111111111001111111110111111111111
111001111111101111111111111111101110110111111111111011010111111110011111101011111111101111111111111111110111111111111111111111111111111111111111111111111111111111011111101111111111111111111101111111111110101111111111111110111110111111101111111111011111111111101111111111111111111111111111111111000111
110111111111111111110111111111111111111111111110111001111111111111111101111111111111111111111111111111111111111111111111111111111111111111111111111101111111111011111111111111101110111111111111111111011111111111010111111101111111111111111101011111111111010111110111111111010111111111100111010111111111
011111110111111111111111111111111011111111111011111111111111111111111111111110011111111111111111111111011111111111101010101111111111101110111101101111101111111110011111111111111111111111111111111101111111111111111110111111111111111111111011111111011110101111111111111110111111111111111111011110111111
111111011101111111111110111110111111111111111111111111111011110111111111111101111110111111111111111111101111111111111110110111111111111110110111111111101111011110101111111101111111111111111111101011101111111101111111110111111111111111111111111111111111110111111111111110011111111111111111111100111101
111101111111111011111111110111110111011111111111101111011111111011111101111111111101111101111111011001111101110011111111111101111101111111111011111101111111011111111011011011111110111011111111111111111111111111111111111111101111010111111111111111111111101111101111111111111111111111111001111110111111
111101111011111111111111010111111111111111111111111111111111111111111111010011111111110111101101111111101111111111111111111111111111111111111111110111111111111110111010001011111111101111111111111111011111111011111110110111111111011111011111111111111110111111101111111111101111111011111111011111111011
111111111111111111111111110111110110111111111101111111101011111111111111111111011111111111111111111111111111111111011110111110111111111111110111110011111111111011011111111111111111111011111111111111110111011111011111011111111111111001111111111111111101111111111111101111111111111111111111111111110111
111111111111111111111101111111111111111111111111011111111111111111111111011111111111111110011111111111111101111111101111111111111111111111111111111111111110111111010111101111111111111111111111011111110110111111111111011111111111111011111111111111111011111111011111111111111111110101101111111111111111
111111111111111111111111111011111111110111111111111111111110101111111110110001110111111111110111011111111111110111111111111111111111111111001101111111111111111111111111111011111011111111111111111111111111111111111111110111011111111101111111111111111110111111011111110111110111111011011111111111111111
111111111111110101111111101110111111111101111111111111111110111111111111111111111111111111111111111111111111011110101111110101111110111111110111111101111111111101101111111101111111110111111111111111111110111111111011111111111111111111111110111110111111111111010111111111111111101101111111111111111110
111111111111111011111111111110111111111111111101111111111111111111111111111111110111110111111111111110111111110110110111111011111111111111111111111111111111111110011111111011111111111111111111111111111111110111011111111111101111111011101111111111111111111111111111111101111111111111111101111111101110
101011111111111110111110111110111111111101111111111011011111011111111011111111011111101111111111111101111111110111111111111111111111111111111111111111111101111011111111111111010111111111111101111111110111111111111111111111111011110111111111111111111111111111111101001111111111111110111111111111111110
111011111101111011111111110111111111111111110111111111011111111111111111111111111111111111111111111111011100111111110110111011110111111111111111001111111111111111111111011101111111110111111110111110111111111111011111111111111111111111111111011111111111111111111110111111111111111111111111110111111111
110111111111111111111001111101111111111101111010111111111111111011111111111011110101111011111111111101111111111111110111111111011111111111110111111111111111111011011100011111111111111111111111110111111111111110111110111111111101101111111111011111111011101110111111111110111111111111111111001111111111
111111011111110011101111111011111111011111101111111110110111011110111110111111111011111111111111111111111111111111111111111111111111110111111111110110111111111001111111011111111111111111111111101111111111111111111111111101111111011111111111010101101111010110111111111111111110111111111111110101111111
011111111011111111111101111110111111011111110101111111111111111111111011111111111011111111111111111111111110111111111101111111011111111111100111111100111110111111111111111111111111111111111111101111111111001111111110100111011110111101010111111111111111111111100010111101111111111111111111101111011111
111111101111111111111111111101111111111111111111111111111111111111111111111111111111111110101110111111111111111110111110111101111111111111111111111111110111111111101111111111111111111110111111101011111111111111111111101111111111111111111111111111111101111111111101111111011111111111111111111111111110
111110111110011111111011111111111110111111111111101101111101011111111111111011111111111011111111111111111111111111111111111111111111101111111111111111111111110111101111111111111110111111111111111110111101111111111111010101101111111101111111011111111111111111111111111111101111011111111111001110111111
111111110010111111111111111111111110111111011101111111111101111111111111111111111111011111111111111111111111101110101111111111111011011111101111111101101111111011111111111111111111011111011111111011111111111111111111111111011111111111011111111111011111110111111111110101111111110111011111111111101111
111111111111111111111111101111101111110111111111111111111111111111111111111111111011111111010101111111101111111111111111111111111111110111010111111111111101111111111111101111111101111101111111101111111101111111111111011111110111111011111111111111111111110111111101111111111111110111110111111011111111
111111111111111111111111111111111111111111111011110111111111111111111111111111111011111111111111111111111111111111111111001101100111111101111111111110111111111101101111111111111111010111111111111110111111111110111101111111111101110111111111110111111011111111011111101101111111111111111111111111111101
111110110101111110111111111110111101111111111111111111111111111010111111111111111111111111111111111111111110111111110111011111011111111101111111111111111111111111111111111111111111011111011101111111111010111111111111110111110011001111111111111111110110011111011111111011111111111111111111111011101111
101111110101101111111111001100111111111111111111111111111111111101111110110111111011111111111111111111111111111101111111111111111111111111110111100111111111111111101111111111011111111111111111111111111111110111101010101111111101001111110011111111111111110111011111111111111110111111110101110111111111
